3.0284 
3.1048 
3.1297 
3.0948 
2.9817 
3.1571 
3.0932 
3.2357 
3.2304 
3.2165 
3.1471 
3.2808 
3.2050 
3.1990 
3.1943 
3.3246 
3.3169 
3.2730 
3.3540 
3.3489 
3.4043 
3.3308 
3.3583 
3.4468 
3.4505 
3.4420 
3.5499 
3.4520 
3.3700 
3.4025 
3.4757 
3.5864 
3.4883 
3.6747 
3.6797 
3.6838 
3.9549 
3.8886 
3.8336 
3.8181 
3.8185 
3.9164 
4.1002 
4.1844 
4.1325 
4.0872 
3.9147 
4.3501 
4.1340 
4.2073 
4.3287 
4.4562 
4.3476 
4.5191 
4.3075 
4.0499 
4.2891 
4.5275 
4.6692 
4.7272 
4.8112 
4.9009 
4.7278 
5.1002 
5.0301 
5.0568 
4.7410 
4.7060 
4.7806 
4.8082 
4.9439 
4.9969 
5.0780 
4.9284 
5.1289 
5.1839 
5.2014 
5.3553 
5.5163 
5.3834 
5.1505 
5.3778 
5.5672 
5.5253 
5.6801 
5.7265 
5.7263 
5.6151 
5.4496 
5.4800 
5.7030 
5.7888 
5.8300 
5.9193 
5.9799 
5.8666 
5.4886 
5.8936 
6.2575 
6.3365 
6.1631 
5.8577 
5.6434 
5.2877 
5.4383 
5.5385 
5.8431 
5.6275 
5.4432 
5.4664 
5.9264 
6.2595 
6.2897 
5.9766 
6.0792 
5.8344 
6.1333 
6.2504 
6.6947 
6.6683 
6.5626 
6.0159 
5.9988 
6.2784 
6.3136 
6.0750 
6.3805 
6.4696 
6.6734 
6.4106 
6.6086 
6.5906 
6.2238 
5.9285 
5.9402 
6.3197 
6.6932 
6.7684 
6.7653 
6.6247 
6.6216 
6.2529 
6.0661 
6.2344 
6.2894 
6.3945 
6.5707 
6.5612 
6.5508 
6.5916 
6.6789 
6.6276 
6.3543 
6.1763 
6.4915 
5.9126 
6.1933 
6.4891 
6.5423 
6.6259 
6.3156 
6.4076 
6.6040 
6.9574 
6.2913 
6.2478 
6.3261 
6.4576 
6.5922 
6.5510 
6.7133 
6.8036 
6.9214 
6.6998 
6.7012 
6.7606 
6.5910 
6.6874 
6.8275 
6.9552 
6.9880 
6.7963 
6.9498 
7.0684 
6.7605 
6.4561 
6.2148 
6.1423 
6.0757 
6.1118 
6.2215 
6.5827 
6.5612 
6.4183 
6.4452 
6.1552 
6.0449 
6.2643 
5.9385 
6.1101 
6.4398 
6.4923 
6.4556 
6.1051 
6.0162 
6.0387 
6.0604 
6.1822 
6.1750 
6.2811 
6.2750 
6.2316 
6.3269 
6.3964 
6.1766 
6.0834 
5.9677 
6.1160 
5.9816 
5.8721 
5.7750 
5.8039 
5.9138 
5.8395 
6.2029 
6.1081 
5.6687 
5.4619 
5.5601 
5.7276 
5.8549 
5.8210 
5.6917 
5.5804 
5.5603 
5.7140 
5.6924 
5.4250 
5.4537 
5.5281 
5.4891 
5.3242 
5.2776 
5.4686 
5.1887 
5.4896 
5.4101 
5.3968 
5.2718 
5.3866 
5.3485 
5.3446 
5.2861 
5.2134 
5.0920 
5.0815 
4.9299 
5.0448 
4.8920 
4.8211 
4.9345 
5.0634 
4.9359 
4.8202 
4.6223 
4.5109 
4.6378 
4.4934 
4.4773 
4.3670 
4.6488 
4.6899 
4.6019 
4.5474 
4.7142 
4.7280 
4.4866 
4.4229 
4.4412 
4.5703 
4.5446 
4.6272 
4.3389 
4.1779 
4.0886 
4.2841 
4.4398 
4.2196 
4.2394 
4.1627 
4.0754 
4.1217 
4.0467 
4.0377 
3.8883 
3.9543 
3.7663 
3.8734 
3.8663 
3.9196 
3.8224 
3.7378 
3.5762 
3.6152 
3.5806 
3.6774 
3.4162 
3.5384 
3.5350 
3.3926 
3.5108 
3.4270 
3.3810 
3.4945 
3.4646 
3.3547 
3.3932 
3.4597 
3.4748 
3.3607 
3.2908 
3.3153 
3.2093 
3.2848 
3.1744 
3.0979 
3.1284 
3.1156 
3.2122 
3.0777 
3.0733 
3.0997 
3.0724 
3.1009 
3.0556 
2.9746 
3.0121 
2.9417 
3.0469 
2.9526 
3.0267 
2.8725 
2.9219 
2.9832 
2.8751 
2.9544 
2.9783 
2.9174 
2.9060 
2.9440 
2.8576 
3.0118 
2.9039 
2.9197 
2.9295 
3.0173 
3.0152 
2.9281 
2.8512 
2.8119 
2.8117 
2.8701 
2.9371 
3.0678 
3.0935 
3.0565 
2.7812 
2.9935 
2.9322 
3.0167 
2.9845 
3.0356 
2.9921 
3.0243 
3.0506 
3.1570 
3.1615 
3.2526 
3.1106 
3.1318 
3.1349 
3.2033 
3.1975 
3.3842 
3.4049 
3.4343 
3.3779 
3.3679 
3.3213 
3.2730 
3.1068 
3.3026 
3.4383 
3.4263 
3.4989 
3.6286 
3.6035 
3.6530 
3.8323 
3.9041 
3.8891 
3.8747 
3.8093 
3.7639 
3.9534 
4.0681 
3.9975 
4.0720 
4.0224 
4.1264 
4.0919 
4.2767 
4.1433 
4.2685 
4.1331 
4.1341 
4.2714 
4.4977 
4.5598 
4.3385 
4.5136 
4.5962 
4.6222 
4.6954 
4.6936 
4.4857 
4.5105 
4.6033 
4.8442 
4.6492 
4.9965 
4.9070 
4.8440 
4.8422 
4.8206 
4.6985 
4.9685 
5.1119 
4.9943 
5.3275 
5.2435 
5.2001 
5.0947 
5.5463 
5.4344 
5.5581 
5.5058 
5.5646 
5.5616 
5.6295 
5.7943 
5.9365 
5.8889 
5.9164 
5.7539 
5.8066 
5.6940 
5.6488 
5.9001 
5.9425 
5.8179 
5.6555 
5.9282 
5.4229 
5.6659 
6.0441 
6.1143 
6.0245 
5.7888 
5.9569 
6.1044 
5.5363 
5.6431 
6.0201 
6.2195 
6.1984 
5.9830 
5.7540 
5.8096 
5.8692 
6.0012 
6.1986 
6.1913 
6.5182 
6.5364 
6.6512 
6.6344 
6.5206 
6.2119 
6.6428 
6.5677 
6.2389 
6.3472 
6.3685 
6.3852 
6.3453 
6.4729 
6.4424 
6.7852 
6.6281 
6.6807 
6.4330 
6.3227 
6.1210 
6.3341 
6.4126 
6.5192 
6.2887 
6.5807 
6.5743 
6.5366 
6.7503 
6.5602 
6.6707 
6.5897 
6.7223 
6.6646 
6.5122 
6.5311 
6.2351 
6.1245 
6.3863 
6.4131 
6.7416 
6.7063 
6.5525 
6.4323 
6.3079 
6.2631 
6.2228 
6.0091 
6.1824 
6.0736 
6.6321 
6.6031 
6.5429 
6.8358 
6.8862 
7.0136 
6.6816 
6.4980 
6.0687 
6.3789 
6.4789 
6.5151 
6.4366 
6.7273 
6.5867 
6.2962 
6.3533 
6.3754 
6.3012 
6.3073 
6.4339 
6.5198 
6.4152 
6.3576 
6.3983 
6.1741 
6.1078 
6.2596 
6.2794 
6.3128 
6.1474 
6.0855 
6.2319 
6.3383 
6.2914 
6.5013 
6.4424 
6.3489 
6.5616 
6.2550 
6.1653 
6.0744 
6.1036 
6.1128 
6.2480 
6.0502 
5.9420 
5.9729 
5.9396 
5.8111 
5.8347 
5.9880 
6.0113 
5.9961 
5.7129 
6.1892 
6.0924 
6.0342 
5.8377 
5.7398 
5.7651 
5.8638 
5.8896 
5.7037 
5.6194 
5.7302 
5.8727 
5.8629 
5.9063 
5.8686 
5.8716 
5.7194 
5.6898 
5.6509 
5.4793 
5.1889 
4.8058 
5.1427 
5.0056 
5.1440 
5.2701 
4.9394 
4.9135 
4.9765 
5.0028 
4.8333 
5.0505 
5.2579 
5.2770 
5.3101 
5.3002 
5.0414 
4.6160 
4.5738 
4.5885 
4.8216 
5.0141 
4.9592 
4.7771 
4.8390 
4.6357 
4.8052 
4.5758 
4.6122 
4.8135 
4.6719 
4.7137 
4.6932 
4.5485 
4.5582 
4.8450 
4.7950 
4.6824 
4.5792 
4.6147 
4.4513 
4.2899 
4.3051 
4.3205 
4.2465 
4.2150 
4.1491 
3.8521 
3.8744 
3.7046 
3.8343 
4.2373 
4.1570 
4.0856 
4.0819 
3.9017 
3.9056 
3.8433 
3.6798 
3.7777 
3.7349 
3.8511 
3.6602 
3.7053 
3.7302 
3.6406 
3.6312 
3.5691 
3.3790 
3.4716 
3.5466 
3.5877 
3.4417 
3.3503 
3.3693 
3.4974 
3.3799 
3.3015 
3.2434 
3.1698 
3.3175 
3.2483 
3.2308 
3.2486 
3.1159 
3.1063 
3.1314 
3.1344 
3.1184 
3.0641 
2.9508 
3.0265 
3.0150 
3.0057 
2.7917 
2.6973 
2.7864 
2.9896 
3.0470 
2.9664 
2.8103 
2.9913 
2.9484 
2.9347 
2.8818 
2.9680 
2.8443 
2.8537 
2.8660 
2.8325 
2.8804 
2.8600 
2.9354 
2.9688 
2.9744 
2.7911 
2.7278 
2.7745 
2.8208 
2.9226 
2.9749 
2.8802 
3.0444 
3.0856 
3.0457 
3.0124 
2.8395 
2.9531 
2.8707 
2.9041 
3.0423 
3.0517 
3.0348 
3.1742 
3.2765 
3.2346 
3.1874 
3.1766 
3.1536 
3.2274 
3.1776 
3.2232 
3.4125 
3.3295 
3.2986 
3.3492 
3.3963 
3.6271 
3.5444 
3.5457 
3.5594 
3.4573 
3.5440 
3.4980 
3.5840 
3.7443 
3.7088 
3.6071 
3.7784 
3.8024 
3.8336 
3.9664 
3.9641 
3.9331 
4.0033 
3.8769 
4.0548 
4.1024 
4.3554 
4.3849 
4.3075 
4.2840 
4.3423 
4.4421 
4.4250 
4.5773 
4.4885 
4.5294 
4.5594 
4.5833 
4.7374 
4.6853 
4.7089 
4.5964 
4.6746 
5.0851 
5.0753 
4.9675 
4.6230 
4.9789 
4.8155 
4.8402 
4.8758 
4.7619 
5.2479 
5.0750 
5.0511 
5.1581 
5.1378 
5.1936 
5.2197 
5.2379 
5.3372 
5.5310 
5.4371 
5.2899 
5.3341 
5.3506 
5.5316 
5.4816 
5.5173 
5.4047 
5.7328 
5.8740 
5.9221 
5.9386 
5.8413 
5.9309 
6.0939 
5.8973 
5.6920 
5.8204 
5.7463 
5.4762 
6.0962 
6.1049 
6.0988 
5.9921 
5.4539 
5.8452 
5.6532 
6.1443 
6.0043 
5.9802 
6.2646 
6.3668 
6.2483 
5.9733 
5.8491 
6.1832 
6.3786 
6.5582 
6.2842 
6.3647 
6.5446 
6.4034 
6.4272 
6.6556 
6.6331 
6.6378 
6.6656 
6.6927 
6.6377 
6.4671 
6.4290 
6.2440 
6.0167 
6.2855 
6.1634 
6.0471 
6.4292 
6.3020 
6.4769 
6.3120 
6.5243 
6.6629 
6.6960 
6.7148 
6.4331 
6.5052 
6.8213 
6.6317 
6.6975 
6.5305 
6.5325 
6.8159 
6.4167 
6.3272 
6.2161 
6.4536 
6.3947 
6.1388 
6.5983 
6.5491 
6.3850 
6.5804 
6.7708 
6.5096 
6.4170 
6.4563 
6.3660 
6.5729 
6.5842 
6.2661 
6.3414 
6.4728 
6.6328 
6.7479 
6.8254 
6.6896 
6.4937 
6.3814 
6.5646 
6.4255 
6.4487 
6.4944 
6.3876 
6.3918 
6.3642 
6.0687 
6.0652 
6.1498 
6.4092 
6.3926 
6.4951 
6.4881 
6.5707 
6.5267 
6.6439 
6.6005 
6.4901 
6.4019 
6.3456 
6.1886 
6.0859 
6.1777 
6.1089 
6.0171 
6.1642 
6.1932 
6.2713 
6.2405 
5.9418 
5.9271 
6.0615 
5.9884 
6.1281 
6.0771 
5.7654 
5.7972 
5.7833 
5.6099 
5.5827 
5.8701 
5.9210 
5.9463 
5.9071 
5.6646 
5.9230 
6.0133 
5.9984 
5.9224 
5.6562 
5.5319 
5.4391 
5.5320 
5.4807 
5.6873 
5.6691 
5.6489 
5.3792 
5.2398 
5.4111 
5.3354 
5.4378 
5.5546 
5.5457 
5.6707 
5.6077 
5.3718 
5.4452 
5.4393 
5.5818 
5.4613 
5.4808 
5.3978 
5.2344 
5.2276 
5.2972 
5.1023 
4.7914 
4.5959 
4.7526 
4.8382 
4.9353 
5.0971 
5.1479 
5.0549 
4.8162 
4.5833 
4.7164 
4.8154 
4.7725 
4.6618 
4.6814 
4.7142 
4.6985 
4.6453 
4.5956 
4.5641 
4.5544 
4.4498 
4.5029 
4.2070 
4.1815 
4.3560 
4.3321 
4.2110 
4.2364 
4.2674 
4.1754 
4.0915 
3.9913 
4.1112 
4.1122 
4.1591 
4.0196 
3.9879 
3.9283 
3.9200 
3.7498 
3.8552 
3.7949 
3.7880 
3.8239 
3.8506 
3.7606 
3.7602 
3.5698 
3.6494 
3.7285 
3.5468 
3.5099 
3.4845 
3.5396 
3.3403 
3.4503 
3.4782 
3.4974 
3.4499 
3.3652 
3.3437 
3.2975 
3.3015 
3.3429 
3.3089 
3.2180 
3.2398 
3.2077 
3.1713 
3.0649 
3.1201 
3.0594 
3.1804 
3.1692 
3.0774 
3.0959 
3.0534 
3.0363 
3.0463 
3.0474 
2.9146 
2.8882 
2.9206 
2.8479 
2.8737 
2.8296 
2.8865 
2.8932 
2.8128 
2.8470 
2.7417 
2.7561 
2.8282 
2.7616 
2.8030 
2.8270 
2.9298 
3.0269 
2.9273 
2.9684 
2.7358 
2.7828 
2.9111 
2.7064 
3.0137 
2.9583 
3.0644 
3.0808 
3.0674 
3.0974 
3.0422 
3.1052 
3.0274 
3.1361 
2.9418 
3.1507 
3.1169 
3.1670 
3.1742 
3.1937 
3.2239 
3.2563 
3.2010 
3.1103 
3.2875 
3.3168 
3.2061 
3.3489 
3.2712 
3.3020 
3.1657 
3.3771 
3.3450 
3.4868 
3.7558 
3.6168 
3.6286 
3.6895 
3.8190 
3.9275 
3.8647 
3.7869 
3.7425 
3.7654 
3.9066 
4.0027 
3.9064 
4.0911 
3.9380 
4.1547 
4.1403 
4.1058 
4.2988 
4.0883 
4.2572 
4.1708 
4.3421 
4.4036 
4.3315 
4.2642 
4.5152 
4.5203 
4.4995 
4.3421 
4.4087 
4.5985 
4.7261 
4.9555 
4.9140 
4.8804 
4.7793 
4.6577 
4.4928 
4.9865 
4.8185 
4.7203 
4.9263 
5.0681 
5.0224 
4.7721 
4.6603 
4.7293 
4.8803 
4.4948 
4.7373 
4.8870 
4.9633 
5.0212 
4.9227 
5.2474 
5.4395 
5.4689 
5.6385 
5.1986 
5.6392 
5.5840 
5.7756 
5.7944 
5.5711 
5.6673 
5.6151 
5.6761 
5.9059 
5.8366 
5.5508 
5.7794 
5.8931 
5.7318 
5.7022 
5.7956 
6.1309 
6.0811 
6.2213 
6.3190 
6.2981 
6.2746 
6.1800 
5.8419 
5.7159 
5.9855 
6.5110 
6.4426 
6.7483 
6.3804 
6.3338 
6.0453 
5.7979 
5.9411 
6.3358 
6.5393 
6.4336 
6.5668 
6.6428 
6.6758 
6.5732 
6.6126 
6.2157 
6.2900 
6.1403 
6.2201 
6.5534 
6.7337 
6.5938 
6.5338 
6.4676 
6.6466 
6.7753 
6.7826 
6.6500 
6.4193 
6.4418 
6.6398 
6.7785 
6.8580 
6.3160 
6.6729 
6.7934 
6.5421 
6.5434 
6.3264 
6.3808 
6.7719 
6.7880 
6.7886 
6.7082 
6.6146 
6.5597 
6.3886 
6.5422 
6.4549 
6.5758 
6.6641 
6.7643 
6.6308 
6.1213 
6.2233 
6.5606 
6.6790 
6.7925 
6.3467 
6.3379 
6.6336 
6.6738 
6.4789 
6.2443 
6.4365 
6.3829 
6.8420 
6.6249 
6.6618 
6.6110 
6.4974 
6.3804 
6.2786 
6.4684 
6.2351 
6.3718 
6.5232 
6.7096 
6.6919 
6.5130 
6.2807 
6.2655 
6.4206 
6.2912 
6.3303 
6.4598 
6.6294 
6.4326 
6.1026 
6.0592 
6.3846 
6.2365 
6.5370 
6.2529 
6.1435 
6.3568 
6.1509 
5.9739 
6.1821 
6.2211 
6.1471 
6.1161 
6.1990 
6.1160 
6.0349 
6.0702 
5.8587 
5.7325 
5.7162 
5.8210 
5.7875 
5.7946 
6.0376 
6.1270 
6.0657 
5.7736 
5.5639 
5.8682 
5.8945 
5.7877 
5.6264 
5.8562 
5.8156 
5.8378 
5.6349 
5.5544 
5.5038 
5.5698 
5.5088 
5.4431 
5.3819 
5.4712 
5.4774 
5.2553 
5.2265 
5.2189 
5.4218 
5.5731 
5.4330 
5.3594 
5.2469 
5.5489 
5.6920 
5.3785 
4.8077 
4.7145 
4.6905 
4.9344 
5.0679 
5.0159 
4.9670 
4.6987 
4.6880 
4.8234 
4.6567 
4.7785 
4.7865 
4.5377 
4.5953 
4.7088 
4.7191 
4.5569 
4.4152 
4.4657 
4.4625 
4.6256 
4.5480 
4.1894 
4.2208 
4.2492 
4.1795 
4.1053 
4.0439 
4.0622 
4.0741 
4.2261 
4.0404 
4.1242 
4.0031 
4.0094 
3.8877 
4.0767 
4.0374 
3.9261 
3.7131 
3.7945 
3.8538 
3.7665 
3.8905 
3.8429 
3.6743 
3.7776 
3.6872 
3.8028 
3.6364 
3.6136 
3.5205 
3.6101 
3.5693 
3.5380 
3.5228 
3.3564 
3.4458 
3.4912 
3.3569 
3.3476 
3.3304 
3.2144 
3.1863 
3.2233 
3.1059 
3.0546 
3.0790 
3.1621 
3.2137 
3.0108 
3.0886 
3.1008 
2.8950 
3.0309 
2.9501 
3.0086 
3.1137 
3.0999 
3.0003 
2.9019 
3.0181 
2.9625 
2.8806 
2.8195 
2.8758 
2.8537 
2.8284 
2.8953 
2.8791 
2.8076 
2.8345 
2.8986 
2.8073 
2.8174 
2.7795 
2.8762 
2.8906 
2.8766 
2.7930 
3.0011 
2.8522 
2.9804 
2.9698 
2.8203 
2.8394 
2.8678 
2.9557 
2.9630 
2.8929 
2.9995 
2.9736 
2.9550 
2.9538 
2.8225 
2.8082 
2.9145 
2.8440 
3.0730 
3.1106 
3.1091 
3.1421 
3.2131 
3.2691 
3.2232 
3.2266 
3.3369 
3.4556 
3.3635 
3.3950 
3.5738 
3.5391 
3.6288 
3.6115 
3.5444 
3.6634 
3.6455 
3.6668 
3.7642 
3.8879 
3.8169 
3.8250 
3.9063 
3.9531 
3.8020 
3.9361 
3.8774 
3.9092 
4.0439 
3.9047 
3.8305 
4.0585 
4.0514 
4.2412 
4.2560 
4.2066 
4.3119 
4.3773 
4.4889 
4.5848 
4.4497 
4.4495 
4.4919 
4.5773 
4.4509 
4.3990 
4.5833 
4.3976 
4.7724 
4.8002 
4.6857 
4.7089 
4.8893 
4.8850 
4.8940 
4.8988 
5.0524 
5.0042 
5.1071 
5.0997 
5.1979 
5.2470 
5.0698 
5.0554 
4.8827 
5.1700 
5.2205 
5.2218 
5.3205 
5.4223 
5.4385 
5.5393 
5.3575 
5.3244 
5.3277 
5.6138 
5.8139 
5.5356 
5.6148 
5.7263 
5.9332 
5.9230 
5.7569 
5.3676 
5.7468 
5.4793 
5.9292 
6.1065 
6.1513 
5.9144 
6.0880 
5.9990 
6.0921 
6.1536 
6.4037 
6.2230 
6.2215 
6.1795 
6.2408 
6.2304 
6.2028 
6.0932 
6.0958 
6.1376 
6.1137 
6.0736 
6.0206 
6.4615 
6.0395 
5.9513 
6.6432 
6.4365 
6.3433 
6.3837 
6.5102 
6.2967 
6.1159 
6.4133 
6.7535 
6.6712 
6.6845 
6.8230 
6.8634 
6.7787 
6.7285 
6.7636 
6.7566 
6.7418 
6.7163 
6.8485 
6.6908 
6.7794 
6.8178 
6.5364 
6.6701 
6.4906 
6.2765 
6.5148 
6.5127 
6.6117 
6.3457 
6.8493 
6.6211 
6.3367 
6.0714 
6.2418 
6.3060 
6.5529 
6.5256 
6.4335 
6.3968 
6.2344 
6.4216 
6.2892 
6.4115 
6.4411 
6.3814 
6.4597 
6.7308 
6.3894 
6.5901 
6.7253 
6.4484 
6.2311 
6.3692 
6.2464 
6.1052 
6.2796 
6.5934 
6.6046 
6.5192 
6.5989 
6.5285 
6.4502 
6.4327 
6.4876 
6.6037 
6.6338 
6.5931 
6.4383 
6.3809 
6.3526 
6.3535 
6.2630 
6.2041 
6.1827 
6.1353 
6.3447 
6.3265 
6.2618 
6.0750 
6.1953 
6.0846 
5.9642 
6.0319 
6.1045 
5.9852 
6.1752 
6.0985 
6.0737 
5.8998 
5.9135 
5.7893 
5.9477 
6.0911 
6.0413 
6.0096 
6.0453 
5.8941 
6.1167 
5.9834 
5.6107 
5.2890 
5.5573 
5.7676 
5.7637 
5.8291 
5.8593 
5.8418 
5.8547 
5.8258 
5.7068 
5.5260 
5.6097 
5.5907 
5.4482 
5.4640 
5.5082 
5.3874 
5.2392 
5.4056 
5.3714 
5.4034 
5.3532 
5.4303 
5.5142 
5.6440 
5.5483 
5.0561 
4.5495 
4.7187 
4.8271 
5.0314 
5.2242 
5.3006 
5.2261 
5.0563 
4.8149 
5.0198 
4.9724 
4.9015 
4.7189 
4.6281 
4.6384 
4.6744 
4.6391 
4.5662 
4.5821 
4.6004 
4.6925 
4.6230 
4.6791 
4.5499 
4.4526 
4.5464 
4.4362 
4.3690 
4.4654 
4.3170 
4.3213 
4.1448 
4.1183 
4.1993 
4.2124 
4.2582 
4.0826 
3.9778 
3.9981 
4.0274 
3.9407 
3.8776 
3.9086 
3.9297 
3.9521 
3.8148 
3.9081 
3.8317 
3.8188 
3.7644 
3.6909 
3.7354 
3.6794 
3.6902 
3.6547 
3.7584 
3.7908 
3.7517 
3.5895 
3.5178 
3.4745 
3.5258 
3.3913 
3.3815 
3.3545 
3.2302 
3.2151 
3.2361 
3.2178 
3.2836 
3.1153 
2.9852 
3.0179 
3.1026 
3.1666 
3.2233 
3.1757 
3.1708 
3.1718 
3.1707 
3.1595 
3.0606 
3.1534 
3.1816 
3.0240 
2.8234 
2.9377 
2.9514 
2.9458 
2.9189 
3.0289 
2.9865 
2.8898 
2.8928 
2.7850 
2.8632 
2.8435 
2.5554 
2.8004 
2.8383 
2.8703 
2.6242 
2.8684 
2.8634 
2.7895 
2.8358 
2.8201 
2.8088 
2.9796 
2.8912 
2.9262 
2.9002 
3.0548 
2.9591 
2.8347 
3.0180 
2.9943 
3.0215 
2.9847 
3.1619 
3.1359 
3.1397 
3.1309 
3.0824 
3.1667 
3.1643 
3.2422 
3.1662 
2.9260 
2.9668 
3.1012 
3.1384 
3.1918 
3.3140 
3.2570 
3.3320 
3.4353 
3.3784 
3.5775 
3.5661 
3.4892 
3.6053 
3.5445 
3.5031 
3.4582 
3.5602 
3.6673 
3.7603 
3.8809 
3.7268 
3.8313 
3.8386 
4.0105 
3.9849 
3.9533 
4.0103 
3.9492 
4.0825 
4.1601 
4.1104 
4.1921 
4.2674 
4.1836 
4.3053 
4.0948 
4.2035 
4.3119 
4.3143 
4.2363 
4.4922 
4.6274 
4.5159 
4.8051 
4.6867 
4.7859 
4.9567 
4.8497 
4.8313 
4.8474 
4.7621 
4.6484 
4.9609 
5.0373 
5.0003 
4.8137 
5.0638 
4.7934 
4.8556 
5.0514 
5.0232 
4.7090 
4.8549 
5.0757 
4.9588 
5.0973 
5.2272 
5.3063 
5.4479 
5.3394 
5.6457 
5.6205 
5.4672 
5.8122 
5.5202 
5.4993 
5.7835 
5.9662 
5.9717 
5.9881 
5.8776 
6.0809 
5.5477 
5.7038 
6.1087 
5.8190 
5.6329 
5.5101 
5.5886 
5.5498 
5.7642 
5.7075 
5.6085 
6.2509 
5.9246 
5.9329 
5.9528 
5.8965 
6.0690 
6.5130 
6.3886 
6.5287 
6.2542 
6.4153 
6.1408 
5.8451 
6.2756 
6.1551 
6.2026 
6.3141 
6.3196 
6.5438 
6.4465 
6.3192 
6.4320 
6.7704 
6.8481 
6.8294 
6.8686 
6.6664 
6.5265 
6.4190 
6.6789 
6.6823 
6.5748 
6.3395 
6.5614 
6.1725 
6.0894 
6.3461 
6.2425 
6.2788 
6.2997 
6.4508 
6.2610 
6.0753 
6.3979 
6.4688 
6.5145 
6.6051 
6.3926 
6.4889 
6.6662 
6.6002 
6.3022 
6.1384 
6.0859 
6.4400 
6.2951 
6.7835 
6.7116 
6.5085 
6.5495 
6.7291 
6.8517 
6.8033 
6.7058 
6.6603 
6.4820 
6.5005 
6.4249 
6.4464 
6.2501 
6.1299 
6.2652 
6.2428 
6.3432 
6.3787 
6.4356 
6.3264 
6.2658 
6.5366 
6.3768 
6.4356 
6.3364 
6.1908 
5.9848 
6.1743 
6.1167 
6.0996 
6.0495 
5.9801 
6.0599 
5.9813 
6.0900 
6.3829 
6.6423 
6.5269 
6.6759 
6.6049 
6.2837 
5.7553 
5.5927 
5.6399 
6.2708 
6.3409 
6.3487 
6.2508 
6.1421 
6.0941 
5.7697 
5.5124 
5.3122 
5.6796 
5.6112 
5.5885 
5.4404 
5.3680 
5.9163 
6.0379 
5.6571 
5.5337 
5.4307 
5.2892 
5.6499 
5.7583 
5.5100 
5.4581 
5.3622 
5.3559 
5.5475 
5.1839 
5.4578 
5.4143 
5.5149 
5.5798 
5.6293 
5.1744 
4.9258 
5.0640 
4.9896 
5.0186 
5.1058 
5.1132 
5.2422 
5.1293 
4.9395 
5.1935 
5.1724 
5.2231 
5.0853 
5.0410 
4.9328 
5.0237 
5.2076 
5.1441 
4.8239 
4.5351 
4.4493 
4.6605 
4.7328 
4.8102 
4.7933 
4.8227 
4.7513 
4.6978 
4.5971 
4.4501 
4.5255 
4.5152 
4.3951 
4.2452 
4.4600 
4.6049 
4.4552 
4.3599 
4.2368 
4.2729 
4.3988 
4.3499 
4.2563 
4.1749 
4.1542 
4.1041 
4.1281 
4.0039 
3.9715 
3.9886 
3.8128 
4.0069 
3.9453 
3.6997 
3.6582 
3.7539 
3.7092 
3.7105 
3.6890 
3.7260 
3.7700 
3.6317 
3.6078 
3.5793 
3.4494 
3.5418 
3.4093 
3.4682 
3.5195 
3.2329 
3.2319 
3.3100 
3.2979 
3.2671 
3.3637 
3.3427 
3.3420 
3.2246 
3.2348 
3.2608 
3.1633 
3.1230 
3.1731 
3.2247 
3.1213 
3.1480 
3.0494 
3.1962 
3.1732 
3.1209 
2.9605 
2.9045 
2.8821 
2.8980 
2.6497 
2.8461 
2.9262 
2.8458 
2.8120 
2.9617 
2.9982 
2.8897 
2.9658 
2.8702 
2.8855 
2.8617 
2.7894 
2.8288 
2.7799 
2.8531 
2.8109 
2.8426 
2.8768 
2.8151 
2.7912 
2.8016 
2.7074 
2.6801 
2.8953 
2.8170 
2.9565 
2.9544 
2.8666 
2.9480 
2.9733 
2.8873 
2.9917 
3.0197 
3.0093 
2.9822 
3.0627 
3.0813 
2.9784 
3.0779 
3.1042 
3.2040 
3.2360 
3.2433 
3.2742 
3.2766 
3.2446 
3.4117 
3.4779 
3.4173 
3.4754 
3.2782 
3.5515 
3.5038 
3.5086 
3.4529 
3.4314 
3.5329 
3.6031 
3.6333 
3.6256 
3.6251 
3.6025 
3.7871 
3.8897 
3.8926 
4.0376 
3.9794 
3.8679 
4.0920 
4.0530 
3.9865 
4.2038 
4.3278 
4.4142 
4.5019 
4.4775 
4.4670 
4.5789 
4.4820 
4.6243 
4.6062 
4.5114 
4.5573 
4.5840 
4.6234 
4.5206 
4.8812 
4.9124 
4.8115 
4.6810 
4.7028 
4.8825 
4.8658 
4.9937 
4.8984 
5.1491 
4.8078 
4.9406 
5.2029 
5.3338 
5.0718 
5.1733 
5.3419 
5.2409 
5.2935 
4.9407 
5.2818 
5.3403 
5.3700 
5.6499 
5.6606 
5.7143 
5.6838 
5.6907 
5.4035 
5.3523 
5.5860 
5.3905 
4.8619 
5.2436 
4.9490 
4.8682 
5.4475 
5.5715 
5.7187 
5.4222 
5.7993 
5.9508 
6.1774 
6.2270 
6.1460 
6.4022 
6.0036 
5.6684 
5.6993 
6.1021 
6.2113 
5.9367 
5.6473 
5.5991 
6.0380 
6.3415 
6.2333 
6.5735 
6.4500 
6.3635 
6.0762 
6.4766 
6.6011 
6.3700 
6.0824 
6.2224 
6.2874 
6.4941 
6.3903 
6.5253 
6.6031 
6.8494 
6.1738 
6.4360 
6.6673 
6.5483 
6.6824 
6.4092 
5.8963 
5.9327 
6.4701 
6.6878 
6.6939 
6.5025 
6.4977 
6.3635 
6.3350 
6.2699 
6.0860 
6.6707 
6.5496 
6.5262 
6.2882 
6.3869 
6.1900 
6.2966 
6.4942 
6.4766 
6.1906 
6.2652 
6.3417 
6.2764 
6.7654 
6.2002 
6.1093 
6.1429 
6.4073 
6.7407 
6.5192 
6.7492 
6.8275 
6.9819 
6.8473 
6.6445 
6.6472 
6.6634 
6.5770 
6.4563 
6.4466 
6.4072 
6.2144 
6.1588 
6.3362 
6.3808 
6.4557 
6.5581 
6.4585 
6.4770 
6.5727 
6.5406 
6.4677 
6.4191 
6.3940 
6.5245 
6.2823 
6.5301 
6.1591 
6.5401 
6.5843 
6.6036 
6.6677 
6.4152 
6.3358 
6.2104 
6.1945 
6.0888 
5.9687 
6.2651 
6.3064 
6.1162 
6.2009 
6.3833 
6.1104 
6.0115 
5.7254 
5.7463 
5.7831 
5.7929 
5.7703 
5.8322 
5.7821 
5.7216 
5.6996 
5.8617 
5.9572 
5.5941 
5.6392 
5.3531 
5.6478 
5.4941 
5.5850 
5.5672 
5.5094 
5.0378 
5.3513 
5.3364 
5.4229 
5.4362 
5.5038 
5.4791 
5.4853 
5.4795 
5.3819 
5.4168 
5.2001 
5.4782 
5.1511 
5.2034 
5.3405 
5.4771 
5.3278 
5.2447 
5.2064 
5.2789 
5.5135 
5.4401 
5.3814 
5.1546 
5.1838 
5.3080 
5.2719 
5.3010 
5.0917 
4.9810 
4.7574 
4.6932 
4.4617 
4.5618 
4.6769 
4.6425 
4.3811 
4.4397 
4.6363 
4.5061 
4.5494 
4.2709 
3.9969 
4.2648 
4.2477 
4.1924 
4.1957 
4.3049 
4.1101 
4.0978 
4.1072 
4.1042 
4.0492 
4.0674 
4.0868 
4.1316 
4.1532 
3.7637 
3.8881 
4.0533 
4.0996 
4.1285 
3.9186 
3.8356 
3.7907 
3.9248 
3.8652 
3.8535 
3.8591 
3.8130 
3.7709 
3.7312 
3.6461 
3.5827 
3.6248 
3.5879 
3.3958 
3.3500 
3.2973 
3.2341 
3.3056 
3.4752 
3.3483 
3.1947 
3.3014 
3.2594 
3.1719 
3.2174 
3.0879 
3.0757 
3.0503 
3.0952 
3.0597 
2.9604 
2.9283 
3.1059 
2.9442 
2.9489 
2.8949 
3.0318 
2.9662 
2.8605 
2.9061 
2.9497 
3.0120 
2.9317 
2.9240 
2.9326 
3.0380 
2.9023 
2.9849 
2.9587 
2.9965 
2.8373 
2.9290 
2.9499 
2.9408 
3.0118 
2.9641 
2.9255 
2.8888 
2.8871 
2.9008 
2.7996 
2.8439 
2.7946 
2.9766 
2.7523 
2.7113 
2.8254 
2.8720 
2.9138 
2.9638 
3.0202 
2.9861 
3.0613 
3.1112 
3.1059 
3.0445 
2.9439 
3.0219 
3.1358 
3.1867 
3.0256 
3.1394 
3.0726 
3.1481 
3.0880 
3.1257 
3.3122 
3.3947 
3.4069 
3.3762 
3.2822 
3.4102 
3.2238 
3.3275 
3.5784 
3.5468 
3.5643 
3.4848 
3.5700 
3.6397 
3.8436 
3.8660 
3.8808 
3.7774 
3.7999 
3.7140 
3.7836 
3.7493 
3.8810 
3.9602 
4.0742 
4.0656 
4.0673 
3.8900 
3.9359 
3.9322 
4.1426 
4.1997 
4.3606 
4.3824 
4.2784 
4.2086 
4.3410 
4.5010 
4.3704 
4.5064 
4.6707 
4.7838 
4.6049 
4.3219 
4.3665 
4.5007 
4.6474 
4.7941 
4.7336 
4.6879 
4.9174 
4.7545 
4.9951 
4.9771 
4.9423 
4.9438 
5.1623 
5.1830 
5.0439 
5.0310 
5.0438 
5.3402 
5.4003 
5.3994 
5.5175 
5.4573 
5.4375 
5.3362 
5.3445 
5.5343 
5.4654 
5.0579 
5.2445 
5.3651 
5.7238 
5.9377 
5.9830 
6.1035 
5.8942 
5.9347 
5.9342 
5.5418 
5.8381 
5.7768 
5.8229 
6.0336 
6.1944 
6.0921 
6.1019 
6.0547 
6.0961 
5.7176 
6.3715 
5.9264 
5.9394 
5.9508 
5.8436 
5.5278 
6.1794 
6.3256 
6.3084 
6.3415 
6.2692 
5.9981 
6.5126 
6.0104 
5.9054 
5.8712 
6.1292 
6.4496 
6.5561 
6.6712 
6.5743 
6.5354 
6.5997 
6.3519 
6.6380 
6.5436 
6.3041 
6.2526 
6.3366 
6.1035 
6.2407 
6.4470 
6.3531 
6.3564 
6.2238 
6.3611 
6.2827 
6.4728 
6.4664 
6.5103 
6.6247 
6.6607 
6.8112 
6.6926 
6.3234 
6.3924 
6.3823 
6.6170 
6.6191 
6.6424 
6.6057 
6.4584 
6.3471 
5.9552 
6.3035 
6.6857 
6.7693 
6.4730 
6.3509 
6.5273 
6.5144 
6.6556 
6.6752 
6.6002 
6.5202 
6.5733 
6.5689 
6.7511 
6.3600 
6.4261 
6.5173 
6.6279 
6.7311 
6.5528 
6.7730 
6.9026 
6.9176 
6.7345 
6.4762 
6.1219 
5.8156 
6.0463 
6.4121 
6.1250 
6.4256 
6.4657 
6.4176 
6.3866 
6.3565 
6.2614 
6.0930 
6.0654 
6.1709 
6.2416 
6.3294 
6.3587 
6.2343 
6.0607 
5.9293 
5.9934 
5.8993 
6.3561 
6.2493 
6.2829 
6.3352 
6.0390 
5.7551 
5.7546 
5.9225 
5.8319 
6.1401 
6.0525 
6.1521 
5.7888 
5.5719 
5.7266 
5.7465 
5.8808 
5.9210 
5.6558 
5.8604 
5.8280 
6.0056 
5.9207 
5.6214 
5.7030 
5.5714 
5.5701 
5.3471 
5.4515 
5.8479 
5.6628 
5.5634 
5.5066 
5.6089 
5.6540 
5.6130 
5.4107 
5.0501 
5.2131 
5.2092 
5.2444 
5.4291 
5.3556 
5.2711 
5.0825 
4.9750 
4.9075 
4.9193 
4.9227 
5.0423 
4.9525 
4.8401 
4.7203 
4.7413 
4.7311 
4.4343 
4.7817 
4.6723 
4.6686 
4.8294 
4.6894 
4.6724 
4.5833 
4.6762 
4.6666 
4.5336 
4.6384 
4.5233 
4.3454 
4.3101 
4.2781 
4.3106 
4.3974 
4.3189 
4.3188 
4.2494 
4.1608 
4.0763 
4.0127 
4.1685 
4.0589 
4.0017 
4.1370 
4.3323 
3.9630 
3.8811 
3.7916 
3.7439 
3.7949 
3.9092 
3.7625 
3.6949 
3.5632 
3.6067 
3.6086 
3.5782 
3.5289 
3.7100 
3.6833 
3.6480 
3.5605 
3.5646 
3.4110 
3.3203 
3.2239 
3.2147 
3.3472 
3.3843 
3.2799 
3.3419 
3.2327 
3.1999 
3.1195 
3.0561 
3.2791 
3.2496 
3.1737 
2.9765 
3.1383 
3.0937 
3.0538 
2.9603 
2.9113 
2.9580 
3.0346 
3.0247 
2.8993 
2.9518 
2.7044 
2.8560 
2.9514 
2.9922 
2.9767 
2.8623 
2.9463 
2.9166 
2.8080 
2.9136 
2.8523 
2.8553 
2.8727 
2.8067 
2.8371 
2.8743 
2.7475 
2.9109 
2.8675 
2.8881 
2.8825 
2.9252 
2.9848 
2.8852 
2.8673 
2.8449 
2.8437 
2.9446 
2.9797 
3.0522 
2.9891 
3.0111 
3.0946 
3.0416 
3.0093 
3.0212 
3.0345 
2.8827 
2.9621 
3.0114 
3.0211 
3.1322 
3.2104 
3.2119 
3.1947 
3.3537 
3.3416 
3.3446 
3.3042 
3.1258 
3.2567 
3.2304 
3.3733 
3.4355 
3.5741 
3.5819 
3.4643 
3.6225 
3.7886 
3.8349 
3.8370 
3.9300 
3.7182 
3.7861 
3.9723 
3.9340 
3.9050 
4.0182 
4.0137 
4.0747 
4.1211 
4.1842 
4.1831 
4.2689 
4.1988 
4.4333 
4.4224 
4.3924 
4.5365 
4.5112 
4.3320 
4.3702 
4.4112 
4.5044 
4.5823 
4.4284 
4.7336 
4.6879 
4.7434 
4.6574 
4.6707 
4.8177 
4.7904 
4.9939 
4.9217 
5.1599 
5.2159 
5.2339 
5.2509 
5.1993 
5.1144 
5.0529 
5.0722 
5.1210 
5.1115 
5.1991 
5.2483 
5.5232 
5.2616 
5.1109 
5.0353 
5.2358 
5.3731 
5.3236 
5.3691 
5.4667 
5.4997 
5.6867 
5.7100 
5.5445 
5.5350 
5.5841 
5.8556 
5.7981 
5.7998 
5.9639 
6.0810 
5.8207 
5.8985 
5.7743 
6.0703 
6.1396 
5.8641 
5.7527 
5.7195 
5.9181 
5.9007 
5.8599 
5.6396 
5.7103 
5.6650 
5.9601 
6.0237 
6.0287 
6.1218 
6.1260 
6.1545 
6.3100 
6.4650 
6.3001 
6.5010 
6.6012 
6.4760 
6.4143 
6.3809 
6.1708 
6.4048 
6.4797 
6.3603 
6.6535 
6.4598 
6.5890 
6.6234 
6.8408 
6.8347 
6.6793 
6.2896 
6.2150 
6.2217 
6.3480 
6.4260 
6.7546 
6.8379 
6.7523 
6.5744 
6.7545 
6.6556 
6.7307 
6.5162 
6.8155 
6.8465 
6.0927 
6.4490 
6.4815 
6.4944 
6.4249 
6.4783 
6.4164 
6.6366 
6.3269 
6.3606 
6.4475 
6.2930 
6.4768 
6.3289 
6.2990 
6.4711 
6.4515 
6.3389 
6.4855 
6.4208 
6.4329 
6.4067 
6.1226 
6.3001 
6.3014 
6.4851 
6.5349 
6.5963 
6.3434 
6.2296 
6.1280 
6.1644 
6.1979 
6.3705 
6.4344 
6.1467 
6.4681 
6.3759 
6.4503 
6.3788 
6.3514 
6.2243 
6.4870 
6.4594 
6.1558 
6.0320 
6.1743 
6.1286 
6.1487 
6.0316 
6.1646 
6.2559 
6.4543 
6.2128 
6.1351 
6.1196 
5.9631 
6.0186 
6.1452 
6.0453 
6.0864 
5.9999 
5.9550 
5.8137 
5.6707 
6.0096 
6.1154 
6.0300 
5.9851 
6.0465 
5.6252 
5.6227 
5.5334 
5.7113 
5.8308 
5.7674 
5.8348 
5.8051 
5.7937 
5.7064 
5.6311 
5.7310 
5.8191 
5.8331 
5.6907 
5.7757 
5.8540 
5.7055 
5.0744 
5.1941 
4.9279 
5.1244 
5.3063 
5.3279 
5.2353 
5.2870 
5.1224 
4.9837 
5.0005 
4.8160 
4.9945 
5.0679 
5.1328 
5.1199 
5.0889 
4.9828 
4.8980 
4.9864 
4.9774 
5.0179 
4.8387 
4.8537 
4.8183 
4.9002 
4.6362 
4.8956 
4.7708 
4.5827 
4.6062 
4.5165 
4.5398 
4.6163 
4.3907 
4.1078 
4.0955 
4.0700 
4.2326 
4.1689 
4.1648 
4.3090 
4.1853 
4.2858 
4.2324 
4.2793 
4.2181 
4.2299 
4.1892 
4.1130 
4.1267 
4.0735 
4.0874 
3.8817 
3.9521 
3.9840 
3.9218 
3.9444 
3.8712 
3.7570 
3.8800 
3.6789 
3.6604 
3.6797 
3.6326 
3.6024 
3.5418 
3.5939 
3.5657 
3.5971 
3.3550 
3.5059 
3.4939 
3.4229 
3.2886 
3.2008 
3.1009 
3.1507 
3.0373 
3.0867 
3.2595 
3.3187 
3.2902 
3.2598 
3.2036 
3.0779 
3.1241 
3.0033 
3.0747 
3.0120 
2.9324 
2.9620 
2.9371 
2.9877 
3.0405 
2.9193 
2.8843 
3.0254 
2.9690 
2.9870 
2.9181 
2.8704 
2.8865 
2.9018 
2.9479 
2.9093 
2.9623 
2.9123 
2.8749 
2.8607 
2.7677 
2.9111 
2.9615 
3.0079 
3.1059 
3.0178 
3.0347 
2.9383 
2.9590 
2.9849 
2.9741 
3.0439 
3.0760 
3.0865 
3.0783 
3.0448 
3.0509 
3.0055 
3.1051 
3.0546 
2.9623 
3.0999 
3.0469 
3.0724 
3.0770 
3.1889 
3.2211 
3.1656 
3.1701 
3.2418 
3.2637 
3.3083 
3.3309 
3.3179 
3.4264 
3.3868 
3.4427 
3.2946 
3.4864 
3.5263 
3.5457 
3.7035 
3.5221 
3.6440 
3.7105 
3.8026 
3.9046 
3.9225 
3.8876 
3.8791 
3.8110 
3.4964 
3.8135 
4.0393 
3.8790 
3.8855 
4.0587 
4.1812 
4.2230 
4.1967 
4.1154 
4.3312 
4.4320 
4.4037 
4.4711 
4.4759 
4.4619 
4.5347 
4.5747 
4.7194 
4.7135 
4.4876 
4.6176 
4.8336 
4.6372 
4.5981 
4.8615 
4.9028 
5.1062 
5.1733 
4.9348 
4.8927 
4.9844 
4.8798 
5.2033 
5.2619 
4.7586 
5.2060 
5.1103 
5.1252 
5.1310 
4.6934 
5.0444 
5.0563 
5.2021 
5.2864 
5.2863 
5.1230 
4.9851 
5.3738 
5.6675 
5.4697 
5.5838 
5.6621 
5.6458 
5.5321 
5.3290 
5.8933 
5.9544 
6.0061 
5.6384 
5.5664 
5.6070 
5.5957 
5.3746 
5.8430 
6.0534 
5.7216 
5.5729 
5.5158 
5.6779 
5.7852 
6.0092 
6.0712 
6.1165 
6.3603 
6.6614 
6.4310 
6.3912 
6.2470 
5.9991 
6.2195 
6.1648 
6.1544 
6.1654 
6.3330 
5.8025 
6.3814 
6.4054 
6.3709 
6.3830 
5.9919 
6.2641 
6.4832 
6.1414 
6.3607 
6.6049 
6.5337 
6.5111 
6.7126 
6.6268 
6.4113 
6.8004 
6.8529 
6.6793 
6.6564 
6.2446 
6.7379 
6.5558 
6.3221 
6.4510 
6.6161 
6.8616 
6.7437 
6.4247 
6.4226 
6.3850 
6.0251 
6.4792 
6.5542 
6.6513 
6.4432 
6.3602 
6.4878 
6.6573 
6.5112 
6.4572 
6.4415 
6.6276 
6.4919 
6.6498 
6.6859 
6.3812 
6.5895 
6.6989 
6.6842 
6.4958 
6.3245 
6.4084 
6.4906 
6.3848 
6.5082 
6.4745 
6.3992 
6.5394 
6.4692 
6.5165 
6.4213 
6.2748 
6.3379 
6.2752 
6.4859 
6.4646 
6.3974 
6.3457 
6.2304 
6.0336 
6.0277 
5.9472 
6.2334 
6.3777 
6.3408 
6.1772 
6.0154 
5.9921 
6.3113 
6.2433 
6.2298 
6.2677 
6.2951 
6.2035 
6.1792 
6.1773 
5.9635 
5.9232 
5.9859 
6.0243 
5.8301 
6.2132 
6.2078 
5.9862 
5.6571 
5.4493 
5.5703 
5.4109 
5.6497 
5.6863 
5.9978 
5.8310 
5.5597 
5.6758 
5.6850 
5.7536 
5.5664 
5.7151 
5.6486 
5.8880 
5.7632 
5.5756 
5.5122 
5.3954 
5.4170 
5.2129 
5.5270 
5.4570 
5.4025 
5.2856 
5.1882 
5.3059 
5.3358 
5.3270 
5.0850 
5.1997 
5.0812 
5.0645 
5.1783 
5.2007 
5.0547 
4.7084 
4.6837 
4.9284 
4.9193 
4.7949 
4.5857 
4.6123 
4.8997 
4.7839 
4.7348 
4.6906 
4.6556 
4.7424 
4.7162 
4.7908 
4.7538 
4.6042 
4.6791 
4.5946 
4.6576 
4.6825 
4.6322 
4.5600 
4.5114 
4.4315 
4.2440 
4.3803 
4.2782 
4.2374 
4.2266 
4.2434 
4.1847 
4.1490 
4.1580 
4.0864 
4.0125 
4.1266 
4.0389 
3.9629 
3.7775 
3.7726 
3.8004 
3.9213 
3.7937 
3.5331 
3.7453 
3.8279 
3.6857 
3.6380 
3.5940 
3.5492 
3.5570 
3.6148 
3.4959 
3.4815 
3.3785 
3.4376 
3.4236 
3.3422 
3.3458 
3.3005 
3.2688 
3.1434 
3.1034 
3.2424 
3.2874 
3.1834 
3.2382 
3.2420 
3.0438 
3.0612 
2.9995 
2.9948 
2.9409 
2.9227 
2.8977 
3.0437 
2.9294 
3.1328 
3.1332 
3.0534 
3.0161 
2.9084 
2.7665 
2.7152 
2.8908 
2.8280 
2.9219 
2.7560 
2.8971 
2.9569 
2.9462 
3.0538 
3.0045 
2.9184 
2.8356 
2.9590 
2.9261 
2.9234 
2.9576 
2.8631 
3.0213 
3.0446 
2.9403 
2.9756 
2.9922 
3.0319 
2.9179 
2.9313 
2.9215 
3.0852 
3.0319 
2.9758 
2.9470 
2.8834 
2.9107 
2.9849 
3.0515 
3.0680 
3.0704 
3.0577 
3.1158 
3.1997 
3.0396 
3.0334 
3.0834 
3.0264 
3.0279 
3.2998 
3.3494 
3.3580 
3.3003 
3.3506 
3.4302 
3.4399 
3.6712 
3.5160 
3.4139 
3.4053 
3.5433 
3.5641 
3.6673 
3.7943 
3.8139 
3.8199 
3.7765 
3.8150 
3.7557 
4.0020 
3.9585 
3.9768 
4.1510 
4.1068 
4.0146 
3.8572 
4.0302 
4.0914 
4.2766 
4.3190 
4.4753 
4.4453 
4.5142 
4.4572 
4.4550 
4.6110 
4.5642 
4.6574 
4.7923 
4.6440 
4.5483 
4.7000 
4.3669 
4.6346 
4.7168 
4.8230 
4.4897 
4.6898 
4.8267 
5.0698 
5.0404 
5.1606 
5.4399 
5.2983 
5.0735 
4.7448 
5.1181 
5.1490 
5.2424 
5.4904 
5.3316 
5.4158 
5.1569 
5.1542 
5.1490 
5.3006 
5.2577 
5.2367 
5.4742 
5.2670 
5.3034 
5.4295 
5.6755 
5.8244 
5.6508 
5.7309 
6.1305 
6.0850 
6.0573 
5.9402 
5.8492 
6.0123 
5.8613 
5.9393 
5.9487 
6.2724 
6.0533 
5.8605 
5.5954 
5.3832 
5.9210 
6.0659 
6.1629 
6.1471 
6.3066 
6.4774 
6.3834 
6.2316 
6.1154 
5.9100 
6.1596 
6.2845 
6.5864 
6.5117 
6.4967 
6.3431 
6.3525 
5.9647 
6.5984 
6.6115 
6.4797 
6.2549 
6.1072 
6.5179 
6.5667 
6.9192 
6.8747 
6.4373 
6.1449 
5.9958 
6.6350 
6.6272 
6.5183 
6.5713 
6.6796 
6.5987 
6.4410 
6.2368 
6.5918 
6.7281 
6.6992 
6.5432 
6.6161 
6.6847 
6.6887 
6.6699 
6.5188 
6.6434 
6.4805 
6.7234 
6.7164 
6.5884 
6.6129 
6.4609 
6.5767 
6.7277 
6.6672 
6.3252 
6.5397 
6.5278 
6.4891 
6.6876 
6.5047 
6.4560 
6.5184 
6.4434 
6.6735 
6.5354 
6.4099 
6.2179 
6.1567 
5.8138 
6.0040 
6.2221 
6.0726 
6.3434 
6.4453 
6.3367 
6.3190 
5.9329 
5.9716 
6.2641 
6.0949 
6.1791 
6.2844 
6.3195 
6.1360 
6.1893 
6.1344 
6.0349 
6.0804 
6.2159 
6.2863 
6.0046 
6.1328 
5.9614 
6.0487 
5.7108 
5.9062 
6.1531 
6.1534 
6.0642 
6.0544 
6.2468 
6.1909 
6.1918 
6.2028 
6.4694 
6.3573 
6.2242 
5.9665 
5.7521 
5.5740 
5.4666 
5.3143 
5.4928 
5.5496 
5.8480 
5.8372 
5.9412 
5.8086 
5.7517 
5.8136 
5.8652 
5.7652 
6.0676 
5.9707 
5.8558 
5.6679 
5.5386 
5.2064 
5.2380 
5.0403 
4.8103 
4.3979 
4.5431 
4.6793 
5.1423 
5.3684 
5.5548 
5.4805 
5.2710 
5.2116 
4.9243 
5.0907 
5.2240 
5.1965 
5.0514 
4.9907 
4.9436 
4.9622 
4.9222 
4.8027 
4.7106 
4.7899 
4.7904 
4.6759 
4.6705 
4.6866 
4.3848 
4.6905 
4.7297 
4.7131 
4.6261 
4.6529 
4.6966 
4.6913 
4.6761 
4.4500 
4.3918 
4.2286 
4.2190 
4.2576 
4.2145 
4.2003 
4.4164 
4.3008 
4.2175 
4.1686 
4.0987 
3.9294 
3.8761 
3.9662 
3.8568 
3.8535 
3.9269 
3.8565 
3.7277 
3.8544 
3.8936 
3.8714 
3.9007 
3.8558 
3.7111 
3.5726 
3.6781 
3.5966 
3.5611 
3.5968 
3.4077 
3.6458 
3.4467 
3.6219 
3.5564 
3.3399 
3.4672 
3.3847 
3.3392 
3.3833 
3.3779 
3.3496 
3.3127 
3.3429 
3.2123 
3.2344 
3.1504 
3.0674 
3.1013 
3.1062 
3.0328 
3.0756 
2.8764 
2.9643 
2.9023 
2.8816 
3.0238 
2.8896 
2.9021 
2.8114 
2.7820 
2.7665 
2.7210 
2.6327 
2.8428 
2.8436 
2.8512 
2.8741 
2.8368 
2.6688 
2.7121 
2.7225 
2.7449 
2.7988 
2.7867 
2.7770 
2.7811 
2.7436 
2.7814 
2.7037 
2.7459 
2.8923 
2.8094 
2.8563 
2.8652 
2.8848 
2.8615 
2.8916 
2.8602 
2.8352 
2.9163 
2.8583 
2.9341 
2.9550 
2.9613 
2.9938 
2.9758 
3.0264 
3.0913 
3.1510 
3.2968 
3.2815 
3.1527 
3.2421 
3.3318 
3.3890 
3.3735 
3.4352 
3.4212 
3.5401 
3.4428 
3.4830 
3.4079 
3.5984 
3.6680 
3.7841 
3.6747 
3.6740 
3.7026 
3.6988 
3.8178 
3.6874 
3.6962 
3.7213 
3.6006 
3.9987 
3.9492 
3.9566 
3.9959 
4.0017 
3.9402 
4.0716 
4.0961 
4.2265 
4.2345 
4.3456 
4.4093 
4.4161 
4.2355 
4.1984 
4.3377 
4.3776 
4.6443 
4.4511 
4.5979 
4.5053 
4.6586 
4.6938 
4.5951 
4.7629 
4.7251 
4.6731 
4.5403 
4.9841 
5.0237 
4.8815 
5.0334 
5.2247 
5.2847 
5.0426 
5.1239 
5.1676 
5.1999 
5.1749 
5.1967 
4.8152 
5.0422 
5.1974 
5.4367 
5.3644 
5.0769 
5.0480 
5.1359 
5.1025 
5.4355 
5.7230 
5.9307 
5.5343 
5.6131 
5.1867 
5.2091 
5.1739 
5.3753 
5.4450 
5.6976 
5.8383 
5.8205 
5.4938 
5.6333 
5.7909 
5.9174 
5.8310 
5.9060 
6.1089 
6.2839 
6.1112 
6.3183 
6.2946 
6.2030 
6.1885 
6.2915 
6.3830 
6.3416 
6.1013 
6.0262 
6.0359 
5.9898 
6.1080 
6.1915 
6.2827 
6.4618 
6.4438 
6.3534 
6.4713 
6.4358 
6.5223 
6.4085 
6.5373 
6.6000 
6.4810 
6.6242 
6.6367 
6.7104 
6.5325 
6.7096 
6.4101 
6.5043 
6.0654 
5.9980 
5.8701 
6.3984 
6.4322 
6.5823 
6.3875 
6.2403 
6.3232 
6.4872 
6.3840 
6.2700 
6.3848 
6.3039 
6.5377 
6.6676 
6.7093 
6.7712 
6.5655 
6.6689 
6.5173 
6.5285 
6.5551 
6.7429 
6.2723 
6.3743 
6.4702 
6.1693 
6.4246 
6.4483 
6.1824 
6.5060 
6.5206 
6.2018 
6.5037 
6.6065 
6.5141 
6.4293 
6.4860 
6.6300 
6.6942 
6.6174 
6.6183 
6.6449 
6.5944 
6.4862 
6.0354 
6.2558 
6.4460 
6.3255 
6.4352 
6.4052 
6.3818 
6.1422 
6.2772 
6.2697 
6.0987 
5.8088 
6.0692 
6.0425 
6.0146 
6.3295 
6.3973 
6.3265 
6.2969 
6.3049 
6.1973 
6.0095 
6.1267 
6.2713 
6.0367 
6.3219 
6.3002 
6.2738 
5.9918 
5.8743 
5.8427 
5.9266 
5.8842 
5.9727 
5.9885 
6.0181 
5.9442 
5.4232 
5.5872 
5.6572 
5.5850 
5.5189 
5.6548 
5.9236 
5.9902 
5.7900 
5.8493 
5.8397 
5.8079 
5.6480 
5.5579 
5.5861 
5.3207 
5.4627 
5.4870 
5.4445 
5.2545 
5.6500 
5.7819 
5.7594 
5.5894 
5.3063 
5.2525 
5.2840 
5.3131 
5.2083 
5.1588 
5.1591 
5.3575 
5.4461 
5.2717 
5.0878 
5.0524 
4.9993 
4.9496 
4.8578 
4.7811 
5.0132 
4.8772 
4.9649 
4.7924 
4.8911 
4.9089 
4.6227 
4.6752 
4.6700 
4.6552 
4.6031 
4.6230 
4.6483 
4.6056 
4.5771 
4.3842 
4.3939 
4.4023 
4.4651 
4.3773 
4.2888 
4.3391 
4.3843 
4.2644 
4.2294 
4.3701 
4.1980 
4.1452 
4.2975 
4.2207 
4.2327 
4.2137 
4.0164 
4.0809 
4.0179 
4.1112 
3.8889 
3.7927 
3.7820 
3.7424 
3.8310 
3.7754 
3.7347 
3.7006 
3.6642 
3.5994 
3.4414 
3.5759 
3.6899 
3.5744 
3.6974 
3.4295 
3.5144 
3.4222 
3.3489 
3.5512 
3.3765 
3.3709 
3.3093 
3.2652 
3.2660 
3.1444 
3.2931 
3.2300 
3.1328 
3.2741 
3.1870 
3.1826 
3.1733 
3.1466 
3.0802 
3.2631 
3.1697 
3.1360 
3.1409 
3.0678 
3.0163 
2.9613 
2.9010 
2.8908 
3.0128 
2.9291 
2.9151 
2.9236 
3.0301 
2.9128 
2.8521 
2.8364 
2.8030 
2.8082 
3.0187 
3.0109 
3.0178 
2.9597 
2.9461 
2.8124 
2.9680 
2.8742 
2.9014 
2.9491 
2.9783 
3.0656 
2.9651 
2.9322 
2.7825 
2.8504 
2.8808 
3.0132 
2.9658 
3.0489 
3.0472 
2.9992 
2.9524 
3.0610 
3.2298 
3.0089 
3.1505 
3.1990 
3.0919 
3.1360 
3.1672 
3.2750 
3.4352 
3.4670 
3.5133 
3.5373 
3.5173 
3.4813 
3.3876 
3.5440 
3.5515 
3.6961 
3.7063 
3.6918 
3.5840 
3.7773 
3.7469 
3.8054 
3.7329 
3.8345 
4.0772 
4.0403 
3.9432 
4.0507 
4.0064 
3.9308 
4.1529 
4.2022 
4.1368 
4.0943 
4.2772 
4.4199 
4.3722 
4.3686 
4.4881 
4.4199 
4.5680 
4.4122 
4.4997 
4.6603 
4.6465 
4.5849 
4.6754 
4.6995 
4.6570 
4.5536 
4.8452 
4.6218 
4.8795 
4.5667 
4.4792 
4.5339 
4.7027 
4.5191 
4.7644 
4.5802 
4.9012 
5.1035 
5.2734 
5.4117 
5.1993 
5.2774 
5.1978 
5.3209 
5.5101 
5.1822 
5.4433 
5.3919 
5.4651 
5.3366 
5.4768 
5.2848 
5.3985 
5.6462 
5.7563 
5.5672 
5.8756 
5.9222 
5.8540 
5.7826 
5.8164 
5.5651 
5.3384 
5.5856 
6.0284 
6.0124 
5.9504 
6.1161 
6.1872 
5.8758 
5.9310 
5.7184 
5.7294 
5.8001 
6.1147 
6.2323 
6.4257 
6.2569 
6.3554 
6.0924 
6.1678 
6.0167 
6.0159 
6.0065 
6.2840 
6.1688 
6.1732 
6.3062 
6.0428 
6.3676 
6.4446 
6.6864 
6.5546 
6.3103 
6.3197 
6.5680 
6.5543 
6.5620 
6.7905 
6.7606 
6.8547 
6.6483 
6.6049 
6.6160 
6.4538 
6.5259 
6.4240 
6.5228 
6.3767 
6.2648 
6.3425 
6.6206 
6.6853 
6.6849 
6.6257 
6.6507 
6.5659 
6.4209 
6.2784 
6.4766 
6.6072 
6.8652 
7.1868 
7.1782 
6.7817 
6.4534 
6.5395 
6.4299 
6.4409 
6.3793 
6.4424 
6.2943 
6.6387 
6.7879 
6.6444 
6.5064 
6.4726 
6.3915 
6.5395 
6.5795 
6.5147 
6.1988 
6.3293 
6.1920 
6.3808 
6.2983 
6.4570 
6.5368 
6.3848 
6.0846 
6.2348 
6.4542 
6.5073 
6.3211 
6.4250 
6.4071 
6.3776 
6.4609 
6.2727 
6.2267 
6.2538 
6.4258 
6.3583 
6.2315 
6.1714 
6.1671 
6.1558 
6.2800 
6.3061 
6.4360 
6.4747 
6.5948 
6.5356 
6.4861 
6.4317 
6.4116 
6.2404 
6.1367 
6.0844 
5.8710 
6.3039 
6.2912 
6.2195 
5.8718 
5.9349 
5.9063 
5.9282 
5.9804 
5.9082 
5.7982 
5.7969 
5.8381 
5.6012 
5.5789 
5.5022 
5.5426 
5.3699 
5.5482 
5.5106 
5.7200 
5.5152 
5.7280 
5.6348 
5.5761 
5.4416 
5.0222 
5.1302 
4.9766 
5.2242 
5.4282 
5.4290 
5.3093 
5.5565 
5.4979 
5.5306 
5.5501 
5.4393 
5.3213 
5.1540 
4.9012 
4.6971 
5.0470 
4.9517 
4.9793 
5.0121 
5.0057 
4.7895 
4.8017 
4.6538 
4.4685 
4.7780 
4.6879 
4.8354 
4.7428 
4.7562 
4.6487 
4.4436 
4.5828 
4.5415 
4.5002 
4.3990 
4.7178 
4.6884 
4.6246 
4.5179 
4.4153 
4.1390 
3.9154 
4.0443 
3.9984 
3.9203 
3.8999 
3.9064 
3.8830 
3.9966 
3.9657 
4.0848 
4.0826 
4.0578 
3.8339 
3.7582 
3.6666 
3.7226 
3.6354 
3.8192 
3.7895 
3.8115 
3.7521 
3.7352 
3.6032 
3.7104 
3.6192 
3.5341 
3.4925 
3.5192 
3.4056 
3.2437 
3.0104 
3.0309 
3.2909 
3.3154 
3.4090 
3.3243 
3.2208 
3.0607 
3.2088 
3.2313 
3.0778 
3.2562 
3.1789 
3.1815 
3.1581 
3.0031 
2.9999 
2.9838 
2.9634 
3.0415 
3.0642 
3.1059 
2.9209 
2.9908 
2.8627 
2.9806 
2.9707 
2.8365 
2.9956 
2.8445 
2.9668 
2.9317 
2.8587 
2.9353 
2.9272 
2.9739 
2.8846 
2.8995 
2.7668 
2.7286 
2.7802 
2.6842 
2.6440 
2.6630 
2.6516 
2.7496 
2.7950 
2.8767 
2.9303 
3.0068 
3.0609 
3.0974 
3.0626 
2.9142 
2.9973 
2.9419 
3.1156 
3.1028 
3.0992 
3.0001 
3.0753 
3.0097 
3.1413 
3.1256 
3.1104 
3.2284 
3.1896 
3.0896 
3.3646 
3.3657 
3.4260 
3.3287 
3.3497 
3.4690 
3.4881 
3.4479 
3.5362 
3.6258 
3.6228 
3.6852 
3.7353 
3.7914 
3.7360 
3.8004 
3.5635 
3.4532 
3.7667 
3.7687 
3.7743 
3.8712 
3.8286 
3.7995 
4.0301 
4.0314 
4.0708 
3.9701 
4.2065 
4.3458 
4.1361 
4.3572 
4.3161 
4.4348 
4.3605 
4.4034 
4.3955 
4.3767 
4.4909 
4.4393 
4.5833 
4.6889 
4.7262 
4.7883 
4.8150 
4.4969 
4.8562 
4.9550 
5.0782 
5.0727 
4.9693 
4.7355 
4.9938 
5.1419 
5.0323 
5.1396 
5.0891 
5.1171 
5.2059 
5.0076 
5.1675 
5.1240 
5.3166 
5.1339 
5.2543 
5.5668 
5.6239 
5.4582 
5.4556 
5.3921 
5.4549 
5.6640 
5.5937 
5.6988 
5.7836 
5.5381 
5.5247 
5.6858 
5.6504 
5.6632 
5.6036 
5.8751 
5.9520 
6.2741 
6.0180 
6.0768 
6.1952 
6.1869 
6.0762 
6.0203 
6.0904 
6.0661 
6.4164 
6.3683 
6.3560 
6.1494 
6.3993 
5.6680 
5.5654 
5.6775 
5.9193 
5.8306 
6.0817 
6.0214 
5.9283 
6.1243 
6.2487 
6.2853 
6.3602 
6.3006 
6.0480 
6.7772 
6.6947 
6.3929 
6.1440 
6.3464 
6.4130 
6.7260 
6.8325 
6.6225 
6.6337 
6.6940 
6.7004 
6.6035 
6.7726 
6.4790 
6.6662 
6.4807 
6.4217 
6.4937 
6.6445 
6.5791 
6.8795 
6.6872 
6.7275 
6.4771 
6.2280 
6.1983 
6.2138 
6.3046 
6.2332 
6.4468 
6.3844 
6.3322 
6.3789 
6.1877 
6.7266 
6.6731 
6.6660 
6.4756 
6.0773 
6.6080 
6.5812 
6.5669 
6.4629 
6.5039 
6.6472 
6.6087 
6.6814 
6.5878 
6.4916 
6.6264 
6.6849 
6.6394 
6.5680 
6.3892 
6.4853 
6.5797 
6.4223 
6.0304 
6.3733 
6.4702 
6.5926 
6.3530 
6.5553 
6.4783 
6.5341 
6.5263 
6.3667 
6.3336 
6.3735 
6.4483 
6.2584 
6.2357 
6.3037 
6.5522 
6.6858 
6.4288 
6.2825 
6.1377 
5.9601 
5.8380 
5.9276 
5.7684 
5.6472 
5.6947 
5.7463 
5.5801 
5.4569 
5.8561 
5.8061 
5.6878 
5.7950 
5.8374 
5.7096 
6.0114 
6.0266 
6.0855 
5.8040 
5.8140 
5.8311 
5.9397 
5.9777 
5.8459 
5.7573 
6.0018 
5.9898 
5.8604 
5.8237 
5.9110 
5.8241 
5.6755 
5.2558 
5.3827 
5.5895 
5.6782 
5.6749 
5.5488 
5.5238 
5.4510 
5.1499 
5.3401 
5.3000 
5.2508 
5.2343 
5.2993 
5.2558 
4.8856 
4.8353 
5.0789 
5.0982 
5.3485 
5.1795 
5.1062 
4.8657 
4.5588 
4.6389 
4.6714 
4.8170 
4.7349 
4.7941 
4.7521 
4.9153 
4.7526 
4.6267 
4.7786 
4.7312 
4.6662 
4.6251 
4.6414 
4.5817 
4.5122 
4.4778 
4.3361 
4.0517 
4.1882 
4.1820 
4.1876 
4.1267 
4.0838 
3.9515 
4.1550 
4.0695 
4.1328 
4.1274 
4.1346 
4.0733 
4.0163 
4.0356 
3.9568 
3.9569 
3.7742 
3.5430 
3.5082 
3.3783 
3.6840 
3.7089 
3.6259 
3.6531 
3.6348 
3.5541 
3.3934 
3.4798 
3.4295 
3.3770 
3.3554 
3.3231 
3.2254 
3.4297 
3.3413 
3.3853 
3.2168 
3.1469 
3.1859 
3.3158 
3.2712 
3.1533 
3.0787 
3.1987 
3.2216 
3.2434 
3.1766 
3.1693 
3.1613 
3.0916 
3.0614 
2.9870 
2.9101 
2.9529 
2.9466 
2.8831 
2.9111 
2.9227 
2.7235 
2.8074 
2.8564 
2.9142 
2.9287 
2.8928 
2.8457 
2.8872 
2.8324 
2.7690 
2.8675 
2.7785 
2.9128 
2.8135 
2.7811 
2.8944 
2.8996 
2.8601 
2.8271 
2.8562 
3.0148 
2.9812 
3.0193 
2.8301 
2.8195 
2.8997 
2.9518 
2.8852 
3.0483 
3.0253 
2.9552 
3.0214 
3.1462 
3.1176 
3.0276 
3.1802 
3.0237 
3.1708 
3.2113 
3.1342 
3.2033 
3.2569 
3.2058 
3.4033 
3.3857 
3.4035 
3.3982 
3.4839 
3.4891 
3.4617 
3.3862 
3.4972 
3.6106 
3.5484 
3.5400 
3.5963 
3.6063 
3.5159 
3.5019 
3.5588 
3.7396 
3.8413 
3.7799 
3.9188 
3.9894 
4.0567 
4.0460 
4.0051 
4.0051 
4.3481 
4.1750 
4.2238 
4.0315 
4.1785 
4.2852 
4.4422 
4.4772 
4.4203 
4.3934 
4.4471 
4.3580 
4.3506 
4.6405 
4.6456 
4.5168 
4.6384 
4.5067 
4.8586 
5.0218 
4.9375 
5.0816 
4.9728 
4.9387 
5.0813 
4.9033 
4.7530 
5.0275 
5.0845 
4.8966 
4.7118 
4.9787 
5.3332 
5.4289 
5.1968 
5.1097 
5.0800 
5.2124 
5.2517 
5.0984 
5.2096 
5.2331 
5.6008 
5.5840 
5.3468 
5.7216 
5.8448 
5.6384 
5.4596 
5.4816 
5.8781 
5.7262 
5.7582 
5.7560 
5.5073 
5.6289 
5.8736 
6.1209 
6.0107 
6.0668 
5.8019 
5.9782 
6.3318 
6.2681 
6.1077 
6.0918 
5.9664 
6.1927 
6.1587 
6.1776 
6.3657 
6.2050 
6.2444 
6.3295 
6.2327 
6.4382 
6.1663 
6.1782 
6.5945 
6.5752 
6.6049 
6.5674 
6.5876 
6.4292 
6.5125 
6.6245 
6.2014 
6.3319 
6.1797 
6.1524 
6.1529 
6.5950 
6.5013 
6.5145 
6.2563 
6.5097 
6.6582 
6.5294 
6.4111 
6.6546 
6.5604 
6.5720 
6.6850 
6.9615 
6.6823 
6.6979 
6.5606 
6.6351 
6.6426 
6.7200 
6.6765 
6.5799 
6.5922 
6.5219 
6.4559 
6.4061 
6.2521 
6.4601 
6.3581 
6.2050 
6.5614 
6.4508 
6.7225 
6.5198 
6.6430 
6.5987 
6.4415 
6.3859 
6.4027 
6.5774 
6.4863 
6.6201 
6.6522 
6.5510 
6.3722 
6.3046 
6.2800 
6.4388 
6.5120 
6.6309 
6.8964 
6.6945 
6.4570 
5.9958 
6.5033 
6.4879 
6.6549 
6.3534 
6.3444 
6.4694 
6.4733 
6.7470 
6.7908 
6.7228 
6.3209 
6.2854 
6.2956 
6.3858 
6.4241 
6.4663 
6.5043 
6.4825 
6.1873 
6.0232 
5.8706 
5.8684 
5.8514 
5.9346 
6.0520 
5.7863 
5.8878 
5.7626 
5.9081 
5.9825 
5.9293 
5.8663 
5.7391 
5.8072 
6.0826 
5.6112 
6.0520 
5.9306 
5.5232 
5.4483 
5.6342 
5.9300 
5.8799 
5.9884 
5.8140 
5.6045 
5.7305 
5.5437 
5.6908 
5.3381 
5.1716 
5.1966 
5.1797 
5.3419 
5.3507 
5.3405 
5.1604 
5.5665 
5.4915 
5.1654 
4.9526 
5.1383 
5.3849 
5.3979 
5.3334 
5.2934 
5.2367 
5.0907 
5.0534 
4.6780 
4.9664 
4.9795 
5.0165 
4.9642 
4.7267 
4.9133 
4.6040 
4.9461 
4.8400 
4.8008 
4.7132 
4.7522 
4.7133 
4.5061 
4.6721 
4.6989 
4.6543 
4.5950 
4.6236 
4.5075 
4.4608 
4.3880 
4.4883 
4.4267 
4.5356 
4.3944 
4.3209 
4.2955 
4.1821 
4.1661 
4.0068 
4.2252 
4.1315 
3.9873 
3.9277 
4.0121 
3.9360 
3.8887 
3.7524 
4.0159 
4.0232 
4.0094 
3.8891 
3.7176 
3.7512 
3.5964 
3.5740 
3.5912 
3.4065 
3.4529 
3.5499 
3.6295 
3.6454 
3.5035 
3.4012 
3.3000 
3.4784 
3.5073 
3.4432 
3.3466 
3.3984 
3.3946 
3.3930 
3.2784 
3.2635 
3.1495 
3.1566 
3.0795 
3.2289 
3.0461 
2.9401 
2.9862 
3.0472 
3.0875 
3.0988 
3.0933 
2.9841 
2.9474 
2.8259 
2.9624 
2.9420 
2.9360 
2.8006 
2.8217 
2.8793 
2.8183 
2.8318 
2.8852 
2.8720 
2.7365 
2.8290 
2.6030 
2.7396 
2.8008 
2.9346 
2.9341 
2.8821 
2.7519 
3.0028 
2.9058 
2.9272 
2.8234 
2.7116 
2.7241 
2.7996 
2.8474 
2.9724 
2.9913 
3.0073 
3.0008 
3.0448 
3.0690 
3.0621 
2.9992 
3.1019 
3.0621 
3.1258 
3.0485 
3.0379 
3.2148 
3.2086 
3.3419 
3.3224 
3.3243 
3.2470 
3.4237 
3.3891 
3.5199 
3.3162 
3.2857 
3.3826 
3.4248 
3.4145 
3.4786 
3.4274 
3.3656 
3.4598 
3.3307 
3.3941 
3.5751 
3.6488 
3.4739 
3.5917 
3.7312 
3.8446 
3.8321 
3.7084 
3.6610 
3.8534 
3.8650 
4.0717 
3.9075 
3.9606 
4.0069 
3.9050 
4.0757 
3.8774 
4.0561 
4.2487 
4.0329 
4.4082 
4.4021 
4.6306 
4.7071 
4.7473 
4.6030 
4.5961 
4.7147 
4.7902 
4.8172 
4.8079 
4.7322 
4.6293 
4.7788 
4.8787 
4.6401 
4.6046 
4.6043 
4.8576 
4.9162 
5.1626 
5.3019 
5.2804 
5.4236 
5.3316 
5.0093 
4.9651 
5.4644 
5.5472 
5.4362 
5.5675 
5.3642 
5.2373 
5.0428 
5.1583 
5.6943 
5.6062 
5.6359 
5.2882 
5.5505 
5.4527 
5.2906 
5.2845 
5.4351 
5.8231 
5.9798 
5.6651 
5.6643 
5.6243 
5.7939 
6.0435 
6.3005 
6.3087 
6.0857 
6.1071 
5.8837 
5.6202 
5.9157 
6.1799 
5.9989 
5.8398 
5.9944 
6.3015 
6.3381 
6.1824 
6.3480 
6.3364 
6.2194 
6.3952 
6.0606 
5.8180 
6.0472 
6.1450 
6.3619 
6.4437 
6.7347 
6.5712 
6.4572 
6.2424 
6.1009 
6.4420 
6.5072 
6.6759 
6.5060 
6.5355 
6.6139 
6.4003 
6.4649 
6.9540 
6.6624 
6.4379 
6.2297 
6.4882 
6.6760 
6.5686 
6.7313 
6.7571 
6.7927 
6.7453 
6.7904 
6.8047 
6.7871 
6.6439 
6.6274 
6.3499 
6.3360 
6.3659 
6.6415 
6.5079 
6.5154 
6.6874 
6.7227 
6.6896 
6.7274 
6.5990 
6.4362 
6.5618 
6.3610 
6.2346 
6.2607 
6.4916 
6.6712 
6.5387 
6.5257 
6.6078 
6.4915 
6.2298 
6.4847 
6.4015 
6.3636 
6.3629 
6.5551 
6.3333 
6.1708 
6.4542 
6.5226 
6.4802 
6.3435 
6.4523 
6.4914 
6.3639 
6.7039 
6.3361 
6.1746 
6.2137 
6.0829 
6.3718 
6.5269 
6.3650 
6.2576 
6.4152 
6.4586 
6.5115 
6.4855 
6.4935 
6.4597 
6.1993 
6.1716 
6.0539 
6.2797 
6.3177 
6.2296 
6.1076 
6.0526 
6.0068 
5.8615 
5.9044 
6.1047 
6.0042 
6.0270 
5.9868 
5.8818 
5.8100 
5.5702 
5.8719 
5.9551 
5.6736 
5.7113 
5.6962 
5.7358 
5.6602 
5.2731 
5.4249 
5.7531 
5.5542 
5.5097 
5.2827 
5.1764 
5.5358 
5.4979 
5.3857 
5.2958 
5.2081 
5.4587 
5.4018 
5.4151 
5.4032 
5.3628 
5.3441 
5.4951 
5.3979 
5.0750 
5.1203 
5.1158 
5.0736 
5.0596 
4.8474 
5.0047 
4.9557 
5.0458 
4.9218 
4.8417 
4.8624 
4.8979 
4.9096 
4.8162 
4.7145 
4.6588 
4.6268 
4.5376 
4.6058 
4.7578 
4.6840 
4.6275 
4.4514 
4.3110 
4.4045 
4.2319 
4.2998 
4.1817 
4.1980 
4.2837 
4.2817 
4.1995 
4.2719 
4.0805 
4.1274 
4.0854 
4.0545 
4.0575 
3.8993 
4.0068 
4.0910 
3.9875 
3.7100 
3.6980 
3.7557 
3.8508 
3.8509 
3.7827 
3.5678 
3.5503 
3.5554 
3.5220 
3.6044 
3.6837 
3.4600 
3.5273 
3.4500 
3.5078 
3.5658 
3.4616 
3.4505 
3.4834 
3.4388 
3.3977 
3.3768 
3.3691 
3.3144 
3.2605 
3.2934 
2.9857 
2.9033 
2.9316 
2.9705 
3.0622 
3.1482 
3.0015 
2.8028 
2.8572 
2.9476 
2.9700 
2.9787 
3.1194 
2.9809 
2.9965 
2.9291 
2.9493 
2.9407 
2.9159 
2.9262 
2.9351 
2.8695 
2.8048 
2.7408 
2.7044 
2.8567 
2.8893 
2.8630 
2.8634 
2.7485 
2.9302 
2.8523 
2.8194 
2.7840 
2.8669 
2.9816 
2.7746 
2.8817 
2.7909 
2.9505 
2.9308 
2.9651 
2.9909 
2.8323 
2.9763 
3.0869 
2.9235 
3.0356 
2.9737 
3.0271 
3.0747 
3.1217 
3.1793 
3.1984 
3.2482 
3.2333 
3.2364 
3.2267 
3.3555 
3.4289 
3.3917 
3.3554 
3.4069 
3.4308 
3.4917 
3.4571 
3.3430 
3.3125 
3.3796 
3.5780 
3.4989 
3.5616 
3.5648 
3.7088 
3.7122 
3.8108 
3.7236 
3.5259 
3.7889 
3.8504 
3.6256 
3.8258 
3.9301 
4.0959 
3.8676 
4.0539 
4.1132 
4.0431 
4.1783 
4.2492 
4.1582 
4.0617 
4.1918 
4.2951 
4.3869 
4.1597 
4.3070 
4.3921 
4.4025 
4.5405 
4.4534 
4.5239 
4.7139 
4.6691 
4.7980 
4.6011 
4.8251 
4.8020 
4.4488 
4.8116 
4.8472 
4.9182 
5.1258 
5.2356 
5.1992 
5.1816 
5.1451 
5.2401 
5.0752 
5.3965 
5.1897 
5.5707 
5.4107 
5.4853 
5.3259 
5.2936 
5.3084 
5.4389 
5.2798 
5.3325 
5.6586 
5.4924 
5.5159 
5.5219 
5.6237 
5.5759 
5.7800 
5.4960 
5.6730 
5.8286 
6.1229 
6.2714 
6.1486 
6.0370 
6.1618 
6.1591 
6.3267 
6.1754 
6.0639 
6.1148 
6.1833 
5.8251 
5.9523 
5.8363 
5.8619 
6.0223 
6.2628 
6.2865 
6.3830 
6.2680 
6.3544 
6.5977 
6.5024 
6.6391 
6.6978 
6.5793 
6.4395 
6.4069 
6.6869 
6.3392 
6.3503 
6.5223 
6.4385 
6.5680 
6.7822 
6.7553 
6.6880 
6.7031 
6.7001 
6.5950 
6.5440 
6.4637 
6.6306 
6.6147 
6.4286 
6.7227 
6.9612 
6.6898 
6.7373 
6.3643 
6.3553 
6.0187 
6.5551 
6.5271 
6.6219 
6.5268 
6.5812 
6.6234 
6.7136 
6.8996 
6.9046 
6.7817 
6.6287 
6.6445 
6.6938 
6.5016 
6.2819 
6.5627 
6.5050 
6.4590 
6.3505 
6.3439 
6.4409 
6.5457 
6.6125 
6.7956 
6.6498 
6.5493 
6.4504 
6.4019 
6.3964 
6.5912 
6.6979 
6.5347 
6.5058 
6.4970 
6.3283 
6.4602 
6.4470 
6.4614 
6.6505 
6.7525 
6.7000 
6.4379 
6.3424 
6.2135 
6.2929 
6.4521 
6.2604 
6.2204 
6.3273 
6.2728 
6.2450 
6.3189 
6.2660 
6.3002 
6.2129 
6.2635 
6.3564 
6.3023 
6.2937 
6.1992 
6.2839 
6.1199 
6.3512 
6.0396 
5.9842 
5.9089 
5.8333 
6.0982 
6.0447 
6.2246 
6.1836 
5.8286 
6.0283 
6.1217 
5.8616 
5.8486 
5.7878 
5.7329 
5.8604 
5.7771 
5.6547 
5.7841 
5.7684 
5.6886 
5.7314 
5.6979 
5.5504 
5.5000 
5.5373 
5.6318 
5.6051 
5.5722 
5.4865 
5.3195 
5.4538 
5.4697 
5.5518 
5.5005 
5.3934 
5.3769 
5.2839 
5.4328 
5.5137 
5.3447 
5.0199 
5.1451 
4.9338 
4.7895 
4.8428 
4.8078 
4.8657 
4.9834 
4.9489 
4.8740 
4.8461 
4.8073 
4.7273 
4.6710 
4.7895 
4.7416 
4.7631 
4.7571 
4.6094 
4.3385 
4.6008 
4.6471 
4.6189 
4.4205 
4.2716 
4.1774 
4.4891 
4.5273 
4.2678 
4.3024 
4.0762 
4.0697 
4.1171 
4.1063 
4.1266 
4.1553 
4.1896 
4.0155 
3.8875 
3.8984 
3.7087 
3.5444 
3.9170 
3.9381 
3.8914 
3.7771 
3.5589 
3.5955 
3.8102 
3.7735 
3.6170 
3.5756 
3.6253 
3.6521 
3.5044 
3.4621 
3.4291 
3.3120 
3.4510 
3.4554 
3.5000 
3.5202 
3.4519 
3.3720 
3.2282 
3.0743 
3.0056 
3.1681 
3.0955 
3.1030 
3.1437 
3.2158 
3.2040 
3.1450 
3.1605 
3.1006 
3.0933 
3.0438 
2.9448 
3.0086 
3.0667 
3.0593 
2.8937 
2.8280 
2.9522 
2.9330 
2.8568 
2.9146 
2.9142 
2.8441 
2.8419 
2.8162 
2.8737 
2.8186 
2.8237 
2.8609 
2.7675 
2.9409 
2.9427 
2.8834 
2.8460 
2.9516 
2.9165 
2.9615 
2.9496 
2.7428 
2.8975 
2.9651 
2.8898 
2.9672 
2.9694 
2.8352 
2.8344 
3.0470 
3.0461 
3.0391 
3.1124 
3.1750 
3.1181 
3.0749 
3.0965 
3.0511 
3.0139 
3.1278 
3.2018 
3.2837 
3.2084 
3.0284 
3.2019 
3.3415 
3.4334 
3.4626 
3.4077 
3.2919 
3.5337 
3.3738 
3.5258 
3.4420 
3.2684 
3.4080 
3.4422 
3.3798 
3.3707 
3.2277 
3.4486 
3.5333 
3.6633 
3.7152 
3.7690 
3.9774 
4.0455 
4.0453 
4.1019 
4.1709 
4.1481 
4.2220 
4.2094 
4.3006 
4.3049 
4.3951 
4.4706 
4.3695 
4.4302 
4.4411 
4.4346 
4.5662 
4.5199 
4.4954 
4.7128 
4.6921 
4.7652 
4.6063 
4.7035 
4.6574 
4.7757 
4.8837 
5.0617 
4.9352 
4.8635 
4.9287 
4.8408 
4.9187 
5.1297 
5.0287 
4.8595 
4.9368 
5.2191 
5.3794 
5.3507 
5.1779 
5.2299 
5.2231 
5.3791 
5.3691 
5.3512 
5.3636 
5.3902 
5.4962 
5.2955 
5.5650 
5.9268 
5.7264 
5.4133 
5.1353 
5.2913 
5.6014 
5.7380 
5.6413 
5.3572 
5.4823 
5.6332 
5.7200 
6.0266 
6.2782 
6.0599 
6.1005 
6.0360 
6.1670 
5.8479 
5.8141 
5.7906 
5.9378 
6.2442 
6.3913 
6.3665 
6.1162 
6.0334 
6.0652 
6.1918 
6.3636 
6.5694 
6.1541 
6.1326 
5.7989 
6.2753 
6.4360 
6.4709 
6.0636 
5.9814 
6.5340 
6.7626 
6.6603 
6.5362 
6.7130 
6.7380 
6.3260 
6.4514 
6.3646 
6.5415 
6.5641 
6.2255 
6.5924 
6.5272 
6.7111 
6.7552 
6.5961 
6.7114 
6.4815 
6.2776 
6.8196 
6.7721 
6.2844 
6.0706 
6.5059 
6.6757 
6.6157 
6.5143 
6.7048 
6.6558 
6.4270 
6.5099 
6.4857 
6.4021 
6.7916 
6.7502 
6.3434 
6.4656 
6.6611 
6.5906 
6.5025 
6.5305 
6.5910 
6.5682 
6.5311 
6.4965 
6.4620 
6.6471 
6.5944 
6.6031 
6.4982 
6.4684 
6.2432 
6.4599 
6.4633 
6.5585 
6.5515 
6.3388 
6.3320 
6.2861 
6.4663 
6.4690 
6.6523 
6.5609 
6.4468 
6.5147 
6.4146 
6.5243 
6.3239 
6.3116 
6.3748 
6.3498 
6.4084 
6.3646 
6.1777 
6.4876 
6.3888 
6.2372 
5.8901 
5.9912 
6.1502 
6.3223 
6.2037 
6.2774 
6.1859 
6.1011 
6.2170 
6.1555 
6.2125 
6.0353 
5.8998 
5.8907 
6.0665 
5.9181 
5.8554 
5.8924 
6.0003 
5.9520 
5.8448 
5.7747 
5.9128 
5.9472 
5.6941 
5.7931 
5.9005 
5.8228 
5.6101 
5.5474 
5.7433 
5.4792 
5.5247 
5.4174 
5.2655 
5.2210 
5.3998 
5.4285 
5.4565 
5.3347 
5.4536 
5.2756 
5.1972 
5.2319 
5.1394 
5.1843 
5.1136 
4.9874 
4.9489 
4.8816 
5.0125 
5.1683 
5.0022 
5.0216 
5.1560 
5.1643 
5.0991 
5.1234 
4.9836 
4.8181 
4.7900 
4.6521 
4.6803 
4.8129 
4.7081 
4.5289 
4.6714 
4.6776 
4.6086 
4.5490 
4.5372 
4.4650 
4.4493 
4.5626 
4.5180 
4.3939 
4.3557 
4.3530 
4.2416 
4.3045 
4.2419 
4.3058 
4.2805 
4.2416 
4.0816 
4.1352 
4.1090 
4.1338 
4.0248 
3.9557 
4.0837 
3.9625 
3.8906 
3.8096 
3.7921 
3.7546 
3.9377 
3.8031 
3.7130 
3.5123 
3.6107 
3.6028 
3.6889 
3.6480 
3.5835 
3.5126 
3.5481 
3.5232 
3.4092 
3.4465 
3.3225 
3.3860 
3.4327 
3.5273 
3.4469 
3.4022 
3.3653 
3.3535 
3.2093 
3.1791 
3.2135 
3.1445 
2.9684 
3.0654 
3.0082 
2.9799 
3.0399 
3.0711 
3.1131 
3.1426 
3.1378 
3.0275 
2.9291 
2.8225 
2.7712 
2.8513 
2.9095 
2.8365 
2.7628 
2.8691 
2.8090 
2.9345 
2.9598 
2.9630 
2.9700 
2.8308 
2.9355 
2.8865 
2.9809 
2.9585 
2.9004 
2.9977 
2.9539 
2.8856 
2.8339 
2.7763 
2.8724 
2.9578 
2.9206 
2.9531 
2.9202 
2.9531 
3.1087 
2.9817 
3.0011 
2.8948 
2.9700 
3.1678 
3.2023 
3.1828 
3.0694 
3.1885 
3.1029 
3.2650 
3.3001 
3.3192 
3.3181 
3.3480 
3.3523 
3.2344 
3.3991 
3.4194 
3.4684 
3.3448 
3.5029 
3.4883 
3.5522 
3.5636 
3.7474 
3.6964 
3.6415 
3.9134 
3.9253 
3.8821 
3.8415 
3.7409 
3.6614 
3.8852 
4.0780 
4.1012 
4.1188 
4.1787 
4.1595 
4.1184 
4.0635 
4.2300 
4.4019 
4.3491 
4.2027 
4.3017 
4.1067 
4.2724 
4.4068 
4.3721 
4.5339 
4.5262 
4.5073 
4.6215 
4.8257 
5.0015 
4.7165 
4.8115 
4.6522 
4.7921 
5.0112 
4.9782 
5.1464 
5.1576 
5.1369 
5.0068 
5.0245 
5.0141 
5.1878 
5.2471 
5.4654 
5.2871 
5.3419 
5.5400 
5.3760 
5.2835 
5.2728 
5.2042 
5.3409 
5.3869 
5.6182 
5.7998 
5.8048 
5.6678 
5.2831 
5.5934 
5.5921 
5.9382 
5.9416 
5.8523 
5.9243 
5.8185 
5.9494 
6.1791 
6.0002 
6.1039 
6.0602 
5.9496 
6.1457 
6.1079 
6.1946 
6.0662 
6.1107 
6.4215 
6.2901 
6.3450 
6.0802 
6.2378 
6.2808 
6.0822 
6.1691 
5.7633 
5.7638 
6.1243 
6.0911 
6.2434 
6.2275 
6.3561 
6.3429 
6.5899 
6.8425 
6.6814 
6.5800 
6.6040 
6.7231 
6.6543 
6.5234 
6.4518 
6.5170 
6.6011 
6.6983 
6.6423 
6.7096 
6.5590 
6.5534 
6.5277 
6.4462 
6.5054 
6.3777 
5.9210 
5.9341 
6.1282 
6.6829 
6.7751 
6.7427 
6.7856 
6.9059 
6.7667 
6.3787 
6.6279 
6.6172 
6.5532 
6.6962 
6.6743 
6.7817 
6.5302 
6.6803 
6.9022 
6.6545 
6.7458 
6.6150 
6.6067 
6.2404 
6.2959 
6.5894 
6.6082 
6.6304 
6.4219 
6.5421 
6.4225 
6.3018 
6.6114 
6.6930 
6.6678 
6.6498 
6.6014 
6.5234 
6.5604 
6.5502 
6.5360 
6.5632 
6.6381 
6.6164 
6.5230 
6.4430 
6.5938 
6.6449 
6.6749 
6.5005 
6.4018 
6.5430 
6.5709 
6.4764 
6.5085 
6.5119 
6.3062 
6.3079 
6.3108 
6.6169 
6.5415 
6.4377 
6.0900 
6.0544 
6.1560 
6.2452 
6.2306 
6.1382 
6.1406 
6.1100 
5.9712 
6.0592 
6.2437 
6.1949 
6.0808 
6.3497 
6.2895 
6.2093 
5.9628 
6.1508 
6.1115 
6.0329 
5.9959 
5.8004 
5.5649 
5.5055 
5.4180 
5.5676 
5.5547 
5.5029 
5.7861 
5.7030 
5.5449 
5.5055 
5.4729 
5.4833 
5.3856 
5.6057 
5.4660 
5.3627 
5.4428 
5.3865 
5.3329 
5.3600 
5.2538 
5.2348 
5.2159 
5.1794 
5.3352 
5.1423 
5.1800 
5.2568 
5.2010 
5.0819 
5.0114 
4.9534 
4.9693 
5.0201 
5.2121 
5.1612 
5.0700 
5.0413 
4.9159 
4.9986 
4.9612 
4.9428 
4.8955 
4.8249 
4.7095 
4.3967 
4.1076 
4.1856 
4.2487 
4.3588 
4.3715 
4.3316 
4.2440 
4.4402 
4.3851 
4.3245 
4.3215 
4.1722 
4.1498 
4.2861 
4.1164 
4.1971 
4.0631 
4.0388 
3.9681 
4.0006 
3.7763 
3.8276 
3.6899 
3.8530 
3.8064 
3.8496 
3.8059 
3.6692 
3.5963 
3.8147 
3.7157 
3.5657 
3.5634 
3.4055 
3.5129 
3.3813 
3.3607 
3.3827 
3.4387 
3.2859 
3.3579 
3.2926 
3.3959 
3.3713 
3.2609 
3.3786 
3.2669 
3.2592 
3.2433 
3.2561 
3.2530 
3.0514 
3.1106 
3.0415 
3.0421 
2.9746 
2.9759 
2.9586 
2.9636 
3.0708 
3.0220 
3.0317 
2.9788 
2.9784 
3.0909 
2.9659 
3.0125 
2.9845 
2.9600 
2.8703 
2.9514 
2.9082 
2.9107 
2.8929 
2.9693 
2.9611 
3.0118 
2.9204 
2.8738 
2.9601 
3.0380 
3.0347 
2.9260 
2.9607 
2.9862 
2.8959 
2.9042 
2.9995 
2.9986 
2.8407 
2.9445 
2.9570 
2.9488 
2.8500 
2.9390 
2.9741 
3.0564 
2.9208 
2.9656 
3.0896 
3.2191 
3.1800 
3.1488 
3.1068 
2.9209 
3.2198 
3.0716 
3.2529 
3.3031 
3.2454 
3.3338 
3.4347 
3.3648 
3.3166 
3.1913 
3.3545 
3.3759 
3.4477 
3.4310 
3.5038 
3.5583 
3.6473 
3.7702 
3.7882 
3.7617 
3.7602 
3.8141 
3.6619 
3.7621 
3.6613 
3.8097 
4.0574 
4.0914 
4.0812 
4.1770 
4.2383 
3.9521 
3.8006 
3.9580 
4.0787 
4.2313 
4.3451 
4.3242 
4.2973 
4.3696 
4.4902 
4.4066 
4.3392 
4.3310 
4.3858 
4.4631 
4.6001 
4.6565 
4.6247 
4.8080 
4.8960 
4.8791 
4.8746 
5.0115 
4.9011 
5.0166 
4.8329 
5.0907 
5.0620 
4.9407 
5.1177 
5.1187 
5.1546 
5.1245 
5.3160 
5.3234 
5.3463 
5.3132 
5.3704 
5.4177 
5.4696 
5.5238 
5.1652 
5.3431 
5.6740 
5.5372 
5.1454 
5.2328 
5.6294 
5.3760 
5.6249 
5.6355 
5.6933 
5.9001 
5.7880 
5.6879 
6.1634 
5.8113 
5.7229 
5.8652 
5.8497 
5.9653 
5.6266 
5.9608 
6.0018 
6.0409 
6.0504 
6.1806 
6.0412 
6.3043 
6.4469 
6.5182 
6.5906 
6.5910 
6.4007 
6.4855 
6.4694 
6.4302 
6.2265 
6.3476 
6.5865 
6.4425 
6.3117 
6.6376 
6.8604 
6.6030 
6.4952 
6.4253 
6.7043 
6.6280 
6.5877 
6.6953 
6.6165 
6.5577 
6.5059 
6.6088 
6.8356 
6.5148 
6.3268 
6.6490 
6.6852 
6.4441 
6.7304 
6.7333 
6.7006 
6.7024 
6.4557 
6.4380 
6.6511 
6.6975 
6.7749 
6.7005 
6.5723 
6.5351 
6.6445 
6.4205 
6.5525 
6.6547 
6.5614 
6.3800 
6.5542 
6.3802 
6.5400 
6.7679 
6.7225 
6.6850 
6.7156 
6.5573 
6.8390 
6.9506 
6.7330 
6.6590 
6.7852 
6.7839 
6.8325 
6.8547 
6.5955 
6.4806 
6.5058 
6.3888 
6.6014 
6.5661 
6.5362 
6.6191 
6.4207 
6.2746 
6.3261 
6.5107 
6.3873 
6.3946 
6.4545 
6.4128 
6.2980 
6.2874 
6.3713 
6.5243 
6.4829 
6.4467 
6.3489 
6.4066 
6.3994 
6.5414 
6.5230 
6.4760 
6.3103 
6.3537 
6.1740 
6.0714 
6.1499 
6.2126 
6.0988 
6.1199 
6.1479 
6.0747 
5.9432 
6.0329 
6.0720 
5.8672 
5.8068 
5.8504 
5.8936 
5.8121 
5.9419 
5.9282 
6.1174 
6.1583 
5.8822 
5.8695 
5.5974 
5.6588 
5.8186 
5.9547 
6.0012 
5.9599 
5.6088 
5.4591 
5.4217 
5.6611 
5.6238 
5.6253 
5.5679 
5.4735 
5.3602 
5.2894 
5.1738 
5.1763 
5.2105 
5.2300 
5.2106 
5.0430 
4.9687 
4.9387 
4.9782 
5.0878 
5.0842 
5.0385 
4.9896 
4.9793 
4.8227 
5.0093 
4.8852 
4.8798 
4.7002 
4.8552 
4.8175 
4.5641 
4.4174 
4.5165 
4.3961 
4.5732 
4.5775 
4.5872 
4.4558 
4.4717 
4.4468 
4.4057 
4.3110 
4.3811 
4.4018 
4.1607 
4.1858 
4.0453 
4.2422 
4.0918 
4.2036 
4.1126 
4.0614 
4.0535 
3.9915 
4.0590 
4.1099 
4.0542 
3.9215 
3.7817 
3.6926 
3.8119 
3.8062 
3.6738 
3.6043 
3.5859 
3.5300 
3.4786 
3.4516 
3.3588 
3.4578 
3.6544 
3.5554 
3.4971 
3.6024 
3.5658 
3.4372 
3.2995 
3.3265 
3.3612 
3.3606 
3.2491 
3.1943 
3.3649 
3.2720 
3.2259 
3.2029 
3.2057 
3.2246 
3.1619 
3.0655 
3.0532 
2.9137 
3.0693 
2.9066 
2.8388 
2.9360 
2.9144 
2.8165 
2.8771 
2.8797 
2.7993 
2.8183 
2.8091 
2.8649 
2.7855 
2.8344 
2.8597 
2.8653 
2.9239 
2.8385 
2.7531 
2.8716 
2.7824 
2.8157 
2.7185 
2.8502 
2.7320 
2.9114 
2.9050 
2.9487 
3.0011 
2.9676 
2.8767 
2.9810 
2.8886 
2.9104 
