126.4224
130.60872
131.81988
129.69
123.03252
132.81048
128.96128
136.97358
136.576
135.48022
131.54804
138.704
134.31168
133.722
133.17804
140.19948
139.17656
136.28888
140.55252
139.978
142.48416
137.9712
139.10784
144.07568
143.85998
143.13582
148.95564
143.1815
138.3213
139.46592
143.0346
148.94968
142.7925
152.81082
152.42496
152.19644
167.2
163.16328
159.83232
158.77836
157.97218
162.86508
172.695
176.904
173.6183
170.40534
160.46176
184.14722
171.4713
174.73448
181.40094
187.92764
181.26622
190.57832
178.20224
163.5565
176.27652
189.0018
196.1649
199.10344
203.408
207.97218
197.3634
218.0379
213.46104
214.32228
196.39296
193.9216
197.25894
198.91488
205.59762
207.79578
211.44448
202.81806
213.56296
216.1284
216.5816
224.70608
233.51032
225.30592
211.95954
224.21182
234.18648
231.53988
239.84688
241.80198
241.49048
234.70948
224.85858
226.11588
238.38488
242.27952
244.31238
248.6841
251.55504
244.9044
224.07602
245.71574
265.8724
269.89256
260.23578
242.6496
230.08944
210.6002
218.41944
223.37224
239.512
227.5788
217.40586
218.33406
242.91856
260.97232
262.23268
244.65
249.85044
236.59456
252.40642
258.57862
283.04
281.21884
275.35872
244.94904
243.59166
258.7192
260.51256
246.68388
263.6182
268.345
279.3
264.51306
275.17736
274.0734
253.74864
237.78
237.92366
258.6975
278.69264
282.91196
282.4224
274.41408
273.93692
253.55936
243.3024
252.816
255.04608
260.71248
270.40892
269.65764
268.8764
271.26546
275.94152
273.106
258.02694
248.4044
265.0165
234.15912
249.0922
265.2782
267.81
272.31876
255.062
260.5392
271.05546
290.4408
254.0838
251.6316
255.4854
262.9277
270.21616
267.80644
277.00224
281.83296
288.19864
276.0776
275.77556
279.3184
270.16352
275.5684
283.1906
290.355
292.84002
281.52576
290.49736
296.961
279.68192
263.2272
250.30302
246.70018
243.0104
245.1312
251.2587
270.89404
269.65764
262.0325
263.835
247.89996
242.4528
254.37384
236.85392
246.428
264.32224
267.17984
265.67142
246.5575
241.96804
243.21
244.7544
251.378
251.0894
257.115
257.21408
254.75384
260.373
264.2676
252.50236
247.69444
241.3404
250.02648
242.89056
237.1478
232.26644
234.07384
240.13782
236.48012
256.61
251.6968
227.99484
217.23564
222.69488
231.63408
239.67
237.64576
231.11946
225.3729
224.24584
232.96872
232.08336
218.19188
220.2483
224.17088
222.58848
213.84196
211.97198
222.3626
207.81792
224.41496
220.28496
220.3311
213.77856
220.5
218.94
219.07264
216.39
212.55336
206.49216
206.06528
198.28188
205.128
196.75424
193.3632
199.8315
207.552
201.24456
195.46688
185.1363
179.4072
186.53136
179.21752
178.57672
173.19808
189.0256
191.72736
187.36984
184.65498
194.256
195.5981
182.4322
179.59968
181.07472
188.57976
188.00704
192.67304
177.1377
168.7249
164.44212
175.60704
184.62996
172.96
174.6936
170.8564
166.60204
169.61766
165.87616
166.16118
158.53152
162.2985
152.31456
158.5575
158.90364
162.15454
157.30016
152.80144
144.4305
147.19796
145.39338
151.3347
137.016
144.07414
144.705
137.19876
144.09694
139.9123
137.84832
144.56718
143.14304
137.325
140.194
143.87112
145.0566
139.029
135.6068
137.33376
132.07392
136.42012
130.46292
126.47684
128.57292
128.5494
133.75136
126.48636
126.4723
127.9017
126.77394
128.6208
126.40532
122.08768
124.2822
120.5832
126.7038
121.6684
126.03016
117.42852
120.56364
124.05672
117.84592
122.5378
124.17658
121.0055
120.0626
122.26936
117.4446
126.21588
119.97856
121.57592
122.13822
126.7634
126.52128
121.60544
117.02834
114.95264
115.40724
118.58044
121.98372
128.8885
130.2954
128.247
113.24404
124.48242
120.98274
125.28788
123.62496
125.9104
123.62284
125.11078
126.5341
131.9625
131.80876
136.818
128.1816
129.21996
129.1848
132.69504
132.11088
142.362
143.59044
144.46872
141.19792
140.23872
137.57952
134.1568
124.43658
134.83204
142.23854
141.37386
145.1219
151.67672
150.04736
152.4978
161.81844
165.26012
164.00784
162.58016
158.6144
155.50456
165.88188
171.7695
167.3056
171.0745
167.48408
173.13936
170.59984
180.5874
172.74712
179.10452
170.98652
170.79984
177.62526
189.91602
193.01734
179.712
189.1509
193.34304
194.1899
197.76158
197.1919
184.8472
185.8656
190.68672
203.5198
192.58368
211.24
205.63332
201.4335
200.8391
199.4281
191.56512
206.0828
213.94576
206.88384
224.9562
219.73416
217.0818
210.48964
235.36006
228.31
234.6918
231.312
234.38086
233.94888
236.808
245.88642
253.17028
250.5168
251.37688
241.74
243.952
237.39892
234.2956
247.8783
249.97896
242.25168
233.0464
247.80016
219.60546
232.55622
253.2885
256.8764
251.1773
237.60048
246.7584
254.50714
222.97638
228.52356
248.72784
259.6386
258.08984
245.889
232.69548
235.58624
238.65
245.6625
256.10044
255.4605
273.15072
273.921
280.13908
278.7278
272.55828
254.9651
278.37762
274.17
255.73264
261.5464
262.428
263.112
260.7822
267.77828
265.4756
284.34336
275.27204
277.81956
264.38832
258.13092
246.8648
258.94264
262.5
268.28652
255.36276
271.1756
270.9096
268.99904
280.3518
269.26094
275.60536
270.82944
278.10396
274.99056
266.58
267.712
251.46576
245.29752
259.32582
260.7612
278.9006
277.07224
268.23
261.89632
255.102
252.59416
250.62246
238.99956
247.968
242.24376
272.20908
271.01776
267.47732
283.1616
286.36452
293.91684
274.9645
264.93096
242.0444
258.67456
264.1572
265.9863
261.7232
277.9432
269.99056
254.6262
257.6368
258.88302
254.83116
255.42466
262.67406
267.60214
261.5532
258.86154
260.86872
249.00512
245.31394
253.83168
254.98638
256.6912
248.2657
245.09034
253.05282
258.77248
256.50888
268.25448
265.12566
259.8975
271.80288
255.36326
250.6898
245.99276
247.84254
248.21892
255.765
245.67282
239.9729
241.88236
240.2058
233.39372
234.99168
243.4822
245.08848
244.47096
229.1328
255.37668
250.3872
247.66638
237.0456
232.12452
233.78304
239.3914
241.095
231.29536
226.9424
232.9964
241.36056
240.95988
244.0216
242.46304
242.58528
235.06308
233.22528
231.3225
222.49224
207.53976
187.59774
205.97984
198.52096
206.316
213.41784
196.17622
195.14546
198.48424
200.37226
191.9614
203.68712
215.5232
216.88128
219.67348
219.2675
205.26688
182.553
180.88
181.984
195.25868
206.34276
203.5423
193.9833
197.82356
187.2158
196.96384
185.0496
187.03232
198.6153
191.4968
194.2408
193.3972
185.94532
187.09002
203.29612
200.9409
195.22354
189.9359
192.15312
183.91008
175.605
176.6999
178.0376
174.53016
172.99776
170.07232
154.28384
155.82652
147.1304
154.42746
177.3408
173.09456
169.67788
169.96728
160.56714
161.14776
158.16428
149.628
155.25972
153.29574
160.35264
150.42888
153.29192
154.91724
150.61092
150.42048
147.26412
137.58164
142.67988
147.1008
149.7678
142.01394
137.33024
138.8444
146.18708
140.37276
136.22274
133.29792
129.58352
138.13576
134.7346
133.83168
135.09396
128.23086
128.0068
129.54592
130.0068
129.16992
126.2588
120.62996
124.716
124.2372
124.0155
112.1266
107.12844
112.06796
123.67836
127.36434
122.88
114.7348
124.55576
122.13504
121.56672
118.59668
123.58576
117.05036
117.43694
118.0964
116.25926
119.00064
117.8532
121.91424
123.7798
124.1682
114.255
110.76642
112.9695
115.47
121.2211
123.87288
118.21212
127.25486
129.80088
127.3096
125.11032
115.92094
121.85142
117.03864
118.40016
125.86146
126.24446
125.21946
133.02264
138.17764
135.5457
132.89018
131.7547
130.11912
134.2116
130.9404
133.33762
143.3692
138.64016
136.4629
138.7392
141.23952
153.7248
148.915
148.39552
148.7755
142.462
146.993
143.76096
148.26696
156.90918
154.83
148.6408
157.7316
158.32728
159.42078
166.4256
165.91008
163.76704
167.1228
159.7596
169.05162
171.2568
185.05624
186.30864
181.429
179.5224
182.4347
187.5699
185.9028
194.0052
188.332
190.04984
191.31064
191.82912
200.5401
196.8443
197.58312
190.6443
194.64408
217.12944
216.17876
209.7543
189.99792
209.43648
199.738
200.49408
201.97632
195.18912
221.59662
211.59266
209.78328
215.3268
213.65496
216.25568
217.06056
217.53416
222.52356
232.9596
227.27266
218.54984
220.66928
221.0634
230.63032
227.3656
228.844
222.12792
240.2409
247.7152
249.745
250.12588
244.47472
248.85828
257.95528
246.1914
234.24474
241.10592
237.10392
221.4666
255.46572
255.5056
254.5998
248.5406
218.44432
239.59472
228.9346
255.51288
247.4256
245.44962
261.19016
266.46592
259.1589
244.19208
237.19072
254.79
265.25754
275.17748
259.63776
263.9945
273.91392
265.5961
266.92672
279.2672
277.6144
277.8104
278.97072
280.46838
277.095
266.84478
265.27506
254.91566
241.98976
256.60908
249.5967
243.21332
264.22956
256.9404
266.19516
256.6542
268.49118
276.00384
277.7313
278.15424
262.63676
266.64416
284.03152
273.6342
277.06986
267.33
268.1224
283.4388
261.26562
256.57696
250.35384
263.12304
259.6653
246.2184
271.1772
268.0875
259.27416
269.72736
280.10322
265.7625
260.57304
262.87576
257.80282
269.0625
269.88528
252.37212
256.4562
263.55098
272.59848
278.42718
283.0982
275.6596
264.75984
258.7776
269.08064
261.62178
262.57154
265.14332
259.37748
259.54722
258.778
242.724
242.24592
247.00342
261.31512
260.28618
266.58424
265.59
270.40892
268.23636
274.85612
272.70216
266.73192
261.71024
259.41388
250.95392
245.11212
250.51232
246.7108
242.00424
249.96768
251.822
256.7175
255.11288
238.64266
238.38424
246.13776
241.849
249.51234
247.43474
230.59496
232.5168
232.59948
223.11912
222.03588
237.39492
240.43302
241.7876
240.51188
227.51664
241.80844
246.81436
246.20362
242.11264
228.4316
222.18106
217.24164
222.49244
220.12336
231.56336
230.51
230.00516
215.748
208.6974
218.23256
214.58636
220.51296
227.3775
227.0175
233.97972
231.078
218.71934
222.9
222.95296
230.91836
225.0436
226.44196
222.13948
213.69916
213.99
217.99322
208.02984
191.1008
181.23144
190.09084
195.12584
200.4039
210.0412
213.24288
208.84704
196.09576
183.57106
191.25696
197.115
195.10084
189.81102
191.38328
193.49148
192.84304
190.66398
188.62064
187.3313
187.17804
181.90612
185.06124
169.1988
168.41022
178.3125
177.56976
171.68544
173.4225
175.38444
170.9175
166.81224
161.63414
168.7452
169.4496
172.28544
165.20112
163.67832
161.01824
161.31756
152.4696
158.65698
155.5512
155.68308
158.4
159.9198
155.16606
155.55928
145.54872
150.3812
155.04768
145.1925
143.6775
142.6425
146.05254
135.8196
142.36446
144.2672
145.62416
143.0891
138.85164
137.788
135.70474
136.22274
138.83648
137.42372
133.1308
134.208
132.70184
131.19282
125.62912
129.24672
125.73792
132.94
132.4708
127.3092
128.5766
126.32106
125.60868
126.357
126.72702
119.7882
118.54388
120.18848
116.4262
118.26316
115.98848
118.94
119.53544
114.83924
116.85492
111.33468
111.7616
116.235
112.74298
114.7425
116.03306
121.68264
127.1663
121.4213
123.75646
111.2368
113.60834
120.58368
109.14904
125.97238
122.54208
128.57796
129.59496
128.54244
129.96484
126.5103
130.13016
125.40672
131.58812
120.74556
131.86096
129.786
132.37696
132.5064
133.3254
134.589
136.45746
132.7711
127.49408
137.241
138.64078
132.46232
139.62766
135.32922
136.60078
128.37312
139.8912
137.8412
145.00116
159.97212
151.37472
151.67672
154.81048
161.65914
167.48864
163.59196
158.89232
156.234
156.98484
164.1225
168.79976
163.0746
172.96
164.3928
175.43232
174.38622
171.405
181.9738
170.0091
178.63172
173.22136
182.65896
185.24088
181.05646
176.64
190.17094
189.9081
188.07882
178.69092
182.3846
192.46416
198.80784
211.59696
208.7872
205.81376
199.76972
192.6873
183.1728
210.02094
199.8612
194.25266
204.59544
212.11904
209.12424
195.08588
188.2086
191.52262
199.24168
178.26688
190.7928
198.17536
202.36056
204.99334
199.08204
216.51468
226.49888
227.7172
236.8894
211.95072
236.01536
232.51288
242.6485
243.4385
230.47408
235.36736
231.6861
234.8173
247.17952
242.71866
227.22
239.09158
245.06388
235.25554
233.4225
238.19292
256.59536
253.53464
261.04076
265.81896
264.93192
262.94844
257.65804
238.18416
231.15828
245.0175
274.5802
270.33128
287.0802
266.01376
263.05128
247.13172
233.18592
240.92224
262.45632
273.34028
267.19692
274.1388
278.37762
279.76098
273.70296
276.0498
253.75936
257.4825
248.99616
253.25944
271.46496
281.46526
273.4963
269.94412
266.15654
275.6831
282.8436
283.1478
275.46624
262.42084
263.7
273.96948
281.88306
286.65774
256.46976
275.69704
282.13512
268.1632
268.21584
256.54016
259.10442
280.512
281.5505
281.21088
276.78888
271.49278
268.5225
259.06464
267.09038
263.17512
269.1825
274.25198
279.83512
272.1563
244.82904
250.30128
268.56
274.86596
281.37216
257.01744
256.66512
272.63628
275.006
264.1572
251.83704
262.06698
259.1856
284.15776
272.63744
274.512
271.7064
265.9725
259.08228
253.91616
264.43296
251.46576
259.0888
267.73786
277.9392
276.84006
267.32316
255.03804
254.07456
262.83
255.46608
258.0936
265.13656
274.9747
264.02064
246.4626
244.36776
262.0527
253.92724
271.1401
255.2812
249.46614
261.25848
250.43984
240.9316
252.72676
255.0032
250.96186
249.35904
254.09328
250.02648
245.72072
247.8212
236.93376
230.23858
229.9062
235.73144
234.057
234.6598
247.80964
253.4694
250.2789
234.765
223.46622
240.53472
242.57516
236.60736
228.16
241.3152
239.33092
240.87582
230.05148
226.15418
223.18464
227.38826
224.29918
221.02362
218.24608
223.36732
224.22
212.2402
211.0722
211.34796
222.831
231.45332
224.17278
220.55526
214.49648
231.9412
240.34164
223.0844
192.28896
187.7737
187.078
200.6362
208.28556
205.5968
203.59648
189.4984
189.3255
197.445
188.57928
195.6075
196.46224
183.50508
186.85
193.7827
194.71386
186.2894
179.03936
182.07168
182.42972
191.8609
188.15258
168.72966
170.92658
173.01214
169.941
166.02492
163.09384
164.50408
165.6638
174.60456
164.72904
169.72378
163.42622
164.34208
158.29086
168.86784
167.6784
161.99358
150.57088
155.3325
159.01416
154.3856
161.78922
160.0112
151.011
157.09104
152.3416
159.15984
150.62784
149.69088
144.69084
149.93012
148.0479
146.7466
146.30172
137.3925
142.74048
145.743
138.8758
138.8464
138.138
131.93492
130.60736
132.99948
126.973
124.37404
126.045
130.99008
133.98716
123.2475
127.77646
128.448
117.7118
125.05944
120.765
123.9788
130.15608
129.56958
124.12264
119.4229
125.83372
122.8766
118.3896
115.2668
118.34654
117.28584
115.785
119.61948
118.94716
114.93
116.64862
120.06912
114.76564
115.3275
113.16984
118.67388
119.42848
118.5372
113.71892
125.44844
117.68328
124.4178
123.34244
115.60496
116.38704
117.70694
122.27658
122.41572
118.4175
124.24704
122.5348
121.28844
121.39848
113.83736
113.10354
118.66806
114.8582
126.96152
128.85504
128.62672
129.9902
133.2716
136.12592
133.17284
133.31036
138.9428
144.992
139.6934
141.18534
151.096
148.4986
153.22398
151.7274
147.58744
153.71516
152.38052
153.272
158.34456
164.7798
160.15312
160.29684
164.32416
166.5018
157.49376
164.52498
160.8299
162.1466
169.24992
161.11728
156.5938
168.77844
167.82336
177.95404
178.1248
175.15872
180.46896
183.43668
189.54096
194.07598
185.9987
185.27
187.28016
191.5704
184.37376
180.78984
190.5975
180.015
200.24656
201.16098
194.09664
195.05664
204.36788
203.66484
203.51556
203.45288
211.73268
208.37152
213.1974
212.61962
217.82418
219.8835
209.46588
208.04826
198.27108
213.59912
215.96604
215.73832
220.682
225.7772
226.1628
231.54238
220.7724
218.53936
218.0925
233.75448
244.5696
228.7034
232.5888
238.12884
249.2687
248.21094
238.47168
216.47808
237.11916
222.49224
246.8844
256.22608
258.4327
244.67572
254.1474
248.8255
253.33794
256.56106
270.39432
259.7868
259.3852
256.3099
259.5222
259.0965
256.94208
250.75398
250.53084
252.58076
250.9312
248.29112
245.46792
269.04696
245.90622
240.6816
278.39334
266.9667
261.3944
263.40054
270.37756
258.10144
248.00992
264.2748
283.01502
277.77696
278.33568
286.28828
288.35
282.984
280.16704
281.9861
281.69824
280.35828
278.93904
286.25892
277.15584
282.28552
283.88408
268.28074
275.21916
265.695
253.82832
266.685
266.595
272.09168
257.32768
285.19552
272.47826
256.61374
242.49582
251.73512
254.6751
268.245
266.76672
261.94826
259.75386
251.09436
260.75754
253.9962
260.35164
262.2599
258.7776
263.01674
277.72614
259.10144
270.12592
277.49754
262.2042
250.95642
258.28448
251.91712
244.18464
253.6093
270.61814
271.4418
267.2232
271.56108
267.60672
263.68496
262.62184
265.575
272.1256
273.71802
271.6848
263.20624
260.16192
259.00872
259.03848
254.32218
251.24086
250.37474
247.7766
259.02612
258.28758
254.95862
245.3457
251.9108
246.06912
239.54516
243.601
247.54624
241.38296
251.7696
247.64328
246.63222
237.61254
238.8195
232.2
240.8621
249.3375
246.30864
245.02152
247.13172
239.016
251.71664
244.60348
224.72682
207.96676
222.27504
233.88608
234.04194
237.974
239.53204
239.45936
240.2998
239.11602
232.67112
223.1756
228.0976
227.63076
220.0293
221.27164
223.9684
217.87248
210.132
219.50334
217.8192
220.003
217.9625
222.592
227.52558
234.70776
229.83168
203.63574
176.8078
186.34506
192.2609
203.75106
214.704
219.28282
215.63838
206.70232
193.92186
205.485
203.27648
200.10704
190.5738
185.8789
186.80706
189.5568
188.1216
184.15488
185.3058
186.80994
192.60176
188.98968
192.812
186.2475
181.29286
187.09714
181.3526
178.12848
183.519
176.00808
176.895
167.3963
166.54464
171.43826
172.89974
175.4688
166.45512
161.30912
163.0104
164.8575
160.6668
157.88276
159.9975
161.50428
162.8528
155.74242
161.25444
157.89
157.56636
154.92004
151.28736
154.12974
151.21512
152.46384
150.99696
156.69698
159.264
157.41876
148.8872
145.15338
142.98154
146.43296
139.19594
139.16122
137.86416
131.69544
131.2587
132.82464
132.24708
136.1976
127.01568
120.2256
122.211
127.34306
131.00132
134.38394
132.06762
131.68776
132.24444
132.366
131.898
126.44964
132.15018
134.00338
125.4253
114.8036
121.21134
122.1004
121.54662
120.12026
126.4458
124.5189
119.39028
119.52016
114.16112
118.29776
116.86248
101.9228
114.6375
116.8078
118.89408
105.69108
118.51168
117.99
114.0326
116.70168
115.90236
115.1312
124.23104
118.98326
120.89536
119.19096
128.01582
122.41446
115.10586
125.1789
123.86986
125.4886
122.9908
133.00848
131.24944
131.23524
130.20228
127.35116
131.68836
131.41756
135.69472
130.986
117.6862
119.48508
126.77852
128.475
131.18112
137.81844
133.85736
137.66516
143.2298
139.94496
150.2975
149.25008
144.52992
150.69922
146.82624
143.97264
141.372
146.7028
152.30788
157.182
163.0481
154.17282
159.53008
159.83272
168.70392
166.78032
164.61288
167.19998
162.94608
170.43
174.11072
171.15456
174.7777
178.3742
173.2992
179.50016
167.625
173.2192
178.61376
178.24884
173.18444
187.04704
194.4111
187.54968
203.152
195.6474
200.81392
210.0852
203.22816
201.94368
202.10106
196.74528
190.0294
207.0978
210.82544
208.47288
197.30976
210.84696
195.16826
197.97096
208.70188
206.44848
188.61142
196.0707
208.05584
201.08992
208.10416
214.83252
218.6596
226.25776
219.72904
236.89644
234.6318
225.58248
244.4904
227.76942
226.30848
241.4412
251.60764
251.20656
251.5755
245.05444
256.12058
225.87964
234.10946
256.32064
240.09858
229.0374
221.91642
226.31422
223.8236
235.01472
231.44992
225.88038
261.28184
242.2024
242.865
243.6825
240.08152
249.42708
273.6323
266.35608
273.94032
258.05892
267.13024
251.70944
235.41276
258.93522
251.9625
253.905
259.8424
260.0698
271.77488
266.33804
259.01888
265.39698
284.08188
288.07416
286.9201
288.5712
277.22358
269.2908
263.46268
277.38732
277.1615
271.28724
258.47304
270.02234
249.2804
244.2312
258.038
252.45216
254.26494
255.11638
263.36038
253.1988
242.99608
260.147
264.44792
267.02768
271.45692
259.58412
264.91952
274.33536
270.89712
254.5218
246.1968
243.07416
261.8638
254.2298
280.99584
276.93366
265.36248
268.11
277.65756
284.93262
281.45138
276.3284
274.0928
263.92198
265.03512
261.2422
262.82544
252.07
245.51292
252.67424
251.42832
257.22464
259.01586
262.0373
256.54016
253.0472
267.9376
259.2886
262.7412
257.6458
249.67488
238.698
248.66952
246.00796
245.32016
242.6328
239.51762
243.39342
239.22992
244.93644
261.63584
275.86648
269.66144
277.97872
274.30704
256.88564
228.90348
220.54848
223.041
257.04112
260.94908
261.95274
256.22144
250.75298
248.46624
231.0883
217.69224
207.3621
227.16532
223.4867
222.585
215.152
211.68144
241.21224
248.14944
227.52424
221.32992
215.69006
208.57728
228.1761
234.77664
221.60916
218.916
214.47064
214.22004
224.64804
205.59616
220.4162
218.6642
224.2422
228.1026
231.05576
206.9598
193.96606
201.6897
198.16714
199.8863
204.7824
205.93716
213.44372
207.43416
197.56588
211.74984
210.8868
214.0944
207.0551
205.25204
199.48464
205.09778
215.4375
211.9716
194.8224
179.86496
175.959
187.70004
191.91936
196.64172
195.95356
198.20808
194.75296
192.55712
187.42848
179.96952
184.26086
184.08792
178.47054
170.50752
182.5725
191.24756
183.1032
178.47
172.272
174.915
181.97862
179.71572
174.93084
170.9025
170.50202
168
169.88296
163.46352
161.92416
163.49232
154.1958
165.33114
162.5716
149.6208
147.7374
153.25824
151.22544
151.89
151.41074
153.74112
156.3716
149.25708
148.27428
147.10248
140.63832
145.9504
139.00152
142.53624
145.9766
130.74252
130.87954
135.3132
135
133.3848
139.15922
138.28598
138.6154
132.34962
133.2964
135.2505
130.00932
128.18
131.1024
134.27128
128.6224
130.39872
125.164
133.77392
132.8096
130.1205
121.51464
118.42248
117.50736
118.6275
104.79
115.7286
120.42346
116.49
114.80194
123.00276
125.00126
119.54196
123.65532
118.43004
119.21456
117.9216
114.1875
116.5688
113.95056
117.72138
115.22144
116.98214
119.01342
115.54296
114.1074
114.83792
109.64492
108.08616
119.61948
115.16208
122.6302
122.22296
117.18916
121.79688
123.16416
118.1925
123.76262
125.2482
124.49032
122.40436
126.54132
127.47006
121.43568
127.00254
127.9156
133.40992
135.0882
135.04728
136.50788
136.25496
134.05144
142.9734
146.48506
142.6542
145.45552
134.5513
149.39496
146.2656
146.08976
142.84368
141.2154
146.35008
149.83866
150.89512
149.78984
149.5806
147.67024
157.48578
163.00068
162.4974
170.27236
166.33922
159.59328
171.9198
169.41248
164.9198
176.38592
183.20086
187.32246
191.99004
190.00644
188.62326
194.7969
188.54352
196.23682
194.744
188.81072
190.73936
191.60564
193.25566
187.01124
206.87724
207.94256
201.8856
194.1555
194.81088
204.3496
202.60584
209.5292
203.43744
217.1488
197.59572
204.39178
219.144
225.504
210.6402
215.40984
224.71416
218.50908
220.9818
200.8952
219.35608
222.07608
223.02308
238.26668
238.42232
240.68522
238.7933
238.4724
222.075
218.80496
231.693
220.6575
191.99886
211.7657
195.44
190.58452
221.5042
228.075
235.6532
219.27792
239.29086
247.46328
259.5308
261.6164
256.90264
271.01184
248.36784
229.86016
230.79896
253.099
258.63304
243.0225
227.44854
224.26012
247.49824
264.39552
257.86624
276.1682
269.2638
264.28648
248.39584
269.67552
276.62484
263.52698
247.3154
255.05584
258.40836
269.3537
263.3248
271.00288
274.59198
288.1296
251.0376
265.2096
277.614
270.54768
277.88922
262.7112
234.8396
236.62608
265.91544
277.03296
277.6466
267.246
266.6898
259.09898
257.23728
253.91262
244.1016
275.60536
268.82362
267.15
254.30412
259.703
248.96188
254.64084
265.48764
264.41224
248.64236
252.67424
256.81192
253.13288
280.25088
249.02502
244.34932
245.6954
260.1819
278.13
266.5124
278.48052
283.1906
291.83458
284.0068
273.44092
273.19572
273.861
269.592
262.87576
262.4825
260.5244
250.2885
247.0176
256.59172
259.10442
263.20488
269.17046
263.6737
265.14
270.12636
268.45416
264.7575
262.0698
260.69016
267.79064
254.75168
268.38
248.7402
269.5036
272.3896
273.18624
276.9164
263.30434
258.66804
252.18198
251.53254
246.23748
240.05668
256.12268
258.5
248.35914
253.1551
263.3853
248.7926
243.44578
228.67992
229.836
231.948
232.99044
231.762
234.89004
232.87176
229.80538
228.91732
237.69856
243.53384
224.05908
226.4914
211.701
227.46306
219.44076
224.621
224.21784
221.27856
196.3636
213.43624
212.84528
218.105
219.24448
222.88644
221.58372
222.43392
222.8066
217.65288
219.6592
208.5696
224.25
206.8891
210.1451
217.73904
225.6972
217.80264
213.83304
211.98198
216.0975
229.86788
225.93352
222.912
211.005
213.33152
220.1661
218.6646
221.00646
209.54152
204.168
192.1287
189.28
177.206
182.9664
189.65984
188.26144
174.24588
178.0632
189.28258
182.47974
185.48664
170.58174
156.4766
171.2945
170.6086
168.1488
168.9765
175.28266
165.53526
164.81136
165.8706
166.20696
163.9756
165.1644
166.85036
169.80516
171.1444
150.7441
157.45034
167.0252
170.0391
171.90728
160.83574
156.80324
154.7577
162.36902
159.9025
159.6288
160.48116
158.56164
156.4101
154.56
150.44166
147.24612
149.95216
148.23892
138.26428
136.2118
133.52928
130.43576
134.59138
144.144
137.78924
129.55072
135.86392
133.60032
129.67328
132.23196
125.5632
125.06
124.19596
126.705
125.08056
119.88422
118.74624
128.32144
120.03696
120.2304
117.54864
125.09754
121.905
116.47174
119.1168
121.5468
124.9325
120.65086
120.3325
120.68118
126.8202
119.43806
123.96776
122.7226
124.93124
116.145
121.4906
122.83304
122.60502
126.37156
123.57752
121.49736
119.51132
119.44238
120.16128
114.6
116.88516
114.09324
124.09878
111.60704
109.5
115.808
118.19494
119.90802
122.61362
125.75856
123.53282
127.6309
130.21456
129.82764
126.11328
120.18806
124.19568
130.56976
133.37408
123.855
130.04544
126.28224
130.23532
126.405
127.95
138.095
142.43888
142.76904
140.76354
135.2496
142.00024
131.44248
137.1192
150.337
147.87446
148.7928
143.9758
148.46094
151.7489
162.504
163.448
163.8693
157.49054
158.42414
153.24582
156.72576
154.5004
161.39448
165.10716
171.1693
170.37336
169.7982
159.45408
161.33408
160.75268
171.8255
174.8716
183.201
183.88768
177.22368
172.7414
179.58104
188.37952
180.56376
187.64456
195.9756
201.99774
191.49534
175.7352
177.5482
184.2375
192.00848
199.626
195.8279
192.91858
205.01856
195.40332
208.26282
206.97534
204.19428
203.7256
215.22592
216.0895
207.57072
206.49798
207.01824
222.9318
225.73212
225.69302
231.5144
227.5261
225.82544
219.8908
219.94128
229.84756
225.80784
203.14914
212.67456
219.03306
238.02048
249.77304
251.68176
258.3643
246.0588
248.06604
247.41178
225.6422
241.5198
237.73154
239.9472
251.23
259.91392
253.33794
253.41672
250.80576
252.8526
231.85472
267.6836
242.91856
242.80828
243.27204
236.96992
220.1639
254.97282
262.7116
261.6537
263.032
259.01892
243.8892
271.522
243.73376
238.1652
236.13984
249.89472
267.16416
272.6415
279.20592
273.04096
270.72
274.44492
260.36496
275.68892
270.7044
257.37
254.2344
258.354
246.15864
253.06624
264.26032
259.0236
259.15752
252.04092
259.35096
254.77376
264.9675
264.705
266.85472
272.9844
274.83054
283.2453
276.50688
256.4224
259.925
258.80704
271.94832
272.03904
273.35754
271.12332
262.9648
257.03946
236.18496
254.5729
275.5
280.41216
263.91168
257.18626
266.84152
265.60056
273.89572
274.70678
270.89712
266.19518
269.0775
269.26112
279.29126
257.90912
261.294
266.79
272.75872
278.096
268.59936
280.9268
287.78998
288.7794
278.96832
265.1025
245.88432
229.66294
241.829
262.12912
246.341
262.68264
265.02736
262.71
261.0894
259.51102
254.597
245.39526
244.62256
250.24
254.135
259.095
260.6432
254.52028
245.10288
238.14448
242.0461
236.93874
261.9188
256.50326
258.56138
261.73876
245.5542
230.50672
230.16536
239.84184
235.20224
252.3528
247.7625
253.172
233.7825
222.54666
230.958
232.39536
239.76888
242.3775
228.4097
239.895
238.25296
248.12428
243.9752
227.95392
232.51488
225.92992
226.18224
214.7589
220.46376
242.24256
232.7346
227.13462
224.50944
230.81858
233.29392
231.60228
220.89806
201.99076
210.82332
211.23936
213.2458
224.01276
220.39608
216.05712
206.3817
200.9179
197.6535
198.6695
198.8082
206.13384
201.3762
196.00736
189.84728
191.21648
191.0702
175.61232
194.95776
189.21052
189.8322
199.006
191.9625
191.265
186.613
192.18276
192.04688
185.33944
191.63412
185.65742
176.21312
175.2542
173.71782
175.9814
181.2068
177.50124
177.9692
174.41528
169.87166
165.97056
162.72224
171.99864
166.5963
163.5876
171.5945
182.93352
162.87264
159.0856
154.58832
152.2328
155.3475
162.1466
154.42674
151.2525
144.49152
147.24548
147.52056
146.475
144.07498
154.47832
153.36864
151.704
147.1082
147.8477
139.81936
135.1924
130.2028
130.18224
137.56932
140.00948
134.61916
138.432
133.03658
131.51376
127.35712
123.92768
136.5372
135.48092
131.46624
121.19086
130.1685
127.98328
125.8408
121.1775
118.69776
121.40908
125.53974
125.13376
118.83856
121.95732
108.76652
116.91
121.94204
124.42824
123.62808
117.6336
122.04288
120.81408
115.10112
120.8438
117.534
117.6556
118.6874
115.04848
116.60544
118.90618
111.86392
120.8952
118.47348
119.32152
119.09232
121.3289
124.4411
118.8944
118.1496
116.76444
116.4075
121.81698
123.5927
127.4208
123.66304
124.894
129.1914
126.1568
124.49032
124.82232
125.3724
117.05418
120.93406
123.43328
123.50976
129.24282
133.33212
133.04832
131.6472
140.18132
139.4952
139.0878
136.6927
126.75392
133.3125
132.0594
139.18692
141.94356
149.39328
149.1472
142.37748
150.83888
159.57018
161.93016
161.61076
166.35886
153.82046
157.24096
167.31168
164.8635
162.60304
168.39264
167.5518
170.7585
172.48
175.5664
175.07504
179.57808
174.8328
187.8948
186.732
184.30532
192.03088
190.01214
179.45088
181.03296
182.9674
187.80142
191.53526
182.71998
198.8746
195.95356
198.26828
193.1776
193.47456
201.123
198.95212
209.8082
205.1975
218.152
220.7906
220.99812
221.43924
218.1578
213.22646
209.03374
209.83804
211.85262
210.90636
215.08514
217.40544
232.0467
217.38856
208.93884
204.18848
214.61328
221.7039
218.50166
220.37158
225.56724
226.9236
236.78864
237.44772
228.17316
227.4804
229.80286
244.1364
240.80224
240.24576
248.9682
254.82906
240.17478
244.3392
237.00482
253.0834
256.62894
240.68434
234.22714
232.2486
242.9011
241.545
239.23474
226.82196
230.29552
227.8428
243.65352
246.5775
246.45852
251.5968
251.10032
252.60508
261.04514
269.1944
260.28716
270.34272
275.9287
268.6068
265.01632
262.9372
250.9118
263.9252
268.0617
261.05742
277.03976
266.53998
272.58876
274.7206
286.66992
286.05024
277.40276
255.744
251.68126
251.95284
258.81528
262.6976
280.52936
285.09032
280.0721
270.20196
280.1568
274.61718
278.80704
267.10288
283.42332
284.7159
243.6906
262.9296
264.26136
265.14332
261.2422
264.48684
260.9018
272.75724
255.5146
257.58262
262.5196
254.1495
264.06792
255.9438
254.04288
263.47678
263.03376
256.35372
264.77778
260.72802
261.5678
260.5096
244.87916
254.4342
254.4853
264.76286
267.1482
270.73878
256.88532
251.24736
245.7864
247.58824
249.28044
259.037
262.68898
247.21704
264.7725
259.9536
264.045
260.07264
258.95664
252.40384
266.26002
265.47696
248.6088
241.9344
250.0371
247.5065
249.00216
242.92686
250.32222
255.40056
266.31138
253.30224
249.12666
248.49198
240.4948
243.73204
250.54944
245.8132
247.81316
243.30688
241.4816
233.82304
226.17392
245.02152
250.99906
246.51088
244.3523
247.84416
225.6192
225.5184
221.01156
230.96796
238.0486
234.82816
238.52972
237.31796
236.84672
232.65624
228.66192
234.6
239.47494
240.99616
233.26288
238.62776
243.12596
235.106
201.53476
208.0405
194.04934
205.24748
215.17696
216.93112
212.00856
215.26904
206.58456
199.61118
200.83874
191.27658
201.43032
206.0678
209.5514
209.58
208.3125
202.612
198.34882
203.84496
203.7525
206.50194
197.27904
198.15998
196.97084
201.65832
188.00384
202.269
195.8138
186.0867
188.05168
183.6458
185.3437
189.97754
177.8115
162.91264
162.88956
161.87004
171.17088
167.90202
168.42588
176.85824
170.6364
176.37902
173.71406
177.03026
173.812
175.2192
173.3075
169.4876
170.71842
168.52
169.31328
158.47278
162.8528
165.02784
161.81832
163.8184
160.14762
154.20054
161.55544
151.2
150.63734
151.6276
149.49276
148.4432
145.3712
148.6806
147.31448
149.58324
136.419
145.2288
145.48448
141.60276
134.6175
130.1512
125.2315
128.28438
122.331
125.17152
135.02208
138.5436
137.17696
135.55836
132.8789
126.3327
128.90754
122.44752
126.6996
123.62584
119.55336
121.2525
120.38768
123.27636
126.44064
119.9772
117.7561
125.8137
122.8281
124.05268
120.2472
117.8125
118.94
119.73306
122.276
120.6667
123.6612
120.7976
118.62054
118.1908
113.295
120.58368
123.4686
126.05082
131.47988
126.62372
127.4981
122.34416
123.05052
124.28416
123.67746
127.71904
129.39696
129.6706
128.99832
126.78288
127.0312
124.50048
129.78854
126.86276
121.1012
128.9097
125.88428
127.27296
127.29388
133.1226
134.64476
131.12832
130.98016
134.6368
135.54776
137.93162
138.51504
137.97324
143.40928
140.6584
143.53322
135.04416
144.97794
146.82696
147.634
155.98924
145.32864
151.92784
155.29472
159.96024
165.28418
166.04608
163.53216
162.35072
158.27544
140.2344
157.55972
169.6999
160.0581
160.1092
169.4316
175.6644
177.4182
175.8675
171.13914
182.1996
187.13898
185.0101
188.32092
188.0437
186.507
190.5164
192.1991
199.7782
198.77712
185.64776
192.5161
204.09648
192.59084
189.72276
203.98956
205.71528
216.68504
220.35244
206.26814
203.46138
207.5412
201.35088
219.15988
222.18714
193.23054
217.88928
211.9656
212.30592
211.99472
187.4607
206.21612
206.70232
214.3656
218.41232
218.1225
208.87056
200.7753
221.4412
236.89908
225.68916
231.90108
235.45854
234.1724
227.6653
216.09696
246.65424
249.84328
252.01028
231.11968
227.25398
228.9101
227.83852
215.568
240.7756
252.05256
233.27376
225.0663
221.84084
229.93284
235.5479
247.2975
250.5075
252.3744
266.19936
282.33264
269.15504
266.8068
258.43308
244.91926
256.2872
253.36584
252.26592
252.71712
261.65472
232.40224
263.64876
265.33632
262.87476
263.0284
241.65232
256.425
268.20724
249.38496
261.0725
273.9583
270.65088
268.65834
279.50744
274.50624
262.4475
283.8888
286.81072
277.0383
275.73504
252.54
279.83456
269.79494
257.0612
263.72236
272.6348
286.07838
279.7102
261.5921
261.50306
259.27416
239.9729
264.51668
268.2975
273.72138
262.34152
257.5606
264.51432
273.97152
266.18328
262.91286
262.27474
272.3868
265.03888
273.294
275.14642
259.11918
270.4598
276.0472
275.07062
264.84168
256.12196
260.5762
264.98666
259.6142
266.05612
264.33018
260.1988
267.69
263.75544
266.7525
261.45112
253.76244
257.36274
253.77708
265.5
264.27588
260.83152
258.0232
251.96172
241.65726
241.08436
237.2028
252.42994
260.72288
258.52512
249.80964
241.93908
240.336
257.66094
253.8644
253.6527
255.88546
257.6925
252.9228
251.58994
251.85888
240.50936
238.55634
241.7468
244.29312
233.8344
255.01788
255.13488
243.08244
225.6328
214.89
221.54736
213.37272
225.9696
228.38304
245.52
236.77254
222.68052
229.22
229.5923
233.62866
224.1888
232.69862
228.74376
241.98804
235.92
225.79308
222.6135
216.99728
218.17026
207.91112
225.04118
221.5845
219.07776
212.87772
208.37642
215.16224
216.66942
216.6054
204.23214
210.28164
204.36348
203.69016
210.5596
212.04
204.41832
186.47226
185.49648
198.4884
198.6695
192.3192
181.349
183.18582
199.50154
193.73196
191.2162
189.69048
187.76576
193.09066
192.2868
196.63566
194.85824
186.95754
191.7976
187.83028
191.67546
193.46008
190.8816
187.65806
185.409
181.41
171.63204
179.0712
174.42336
172.52984
172.32528
173.9376
171.3
169.61648
170.66036
167.05084
163.59072
170.2689
165.77444
162.225
152.5554
152.57076
154.73668
161.5912
155.09032
141.30976
153.315
158.36284
150.67712
148.5286
146.73074
144.90304
145.605
148.96
142.91288
142.515
137.55938
141.09602
140.52298
136.99936
137.32602
134.74998
133.45194
127.29762
125.3337
132.90848
136.0033
130.48704
133.79168
134.11894
123.60024
124.806
121.9594
121.7744
119.26144
118.3575
117.5024
125.58522
119.43432
130.9459
130.96936
126.9747
124.77374
118.74082
111.57328
109.20092
118.8054
115.45842
120.56364
111.91032
119.54256
122.80204
122.362
128.4624
125.74576
120.89088
116.22912
123.20552
121.20576
121.2596
123.313
117.82352
126.77344
128.231
122.58946
124.3771
124.7523
126.8904
121.0286
121.26546
120.384
129.6153
126.40944
123.11152
121.28
117.7188
119.31232
122.67612
126.5726
127.58616
127.3503
126.0004
129.07008
133.575
124.75684
124.01092
126.5589
123.062
122.78688
137.39856
139.8228
140.0011
136.53184
139.153
143.01196
143.04294
155.79174
146.96908
140.86332
139.76898
147.34638
148.02328
152.90034
159.61176
160.2278
160.2792
157.24864
159.05432
155.1684
168.55826
165.67488
166.22974
175.7182
172.75896
167.16592
157.68588
166.72756
169.7003
179.6697
181.22424
189.91778
187.46596
191.08452
187.2616
186.45088
194.69604
191.50764
196.16564
203.36186
194.36928
188.40576
196.7056
177.563
191.98464
195.895
201.5996
182.80654
193.2528
200.2
213.53836
210.95088
217.0872
232.56558
224.2793
210.70968
192.14652
212.2813
213.5672
218.2888
231.54048
222.29016
226.9575
211.9446
210.99
210.49468
218.13724
215.7948
214.0776
226.4679
214.74072
215.93684
222.5544
236.01582
243.76912
233.77554
237.699
259.82868
256.61448
254.4827
247.66074
242.29632
250.9884
241.84356
246.0288
246.42048
264.18762
251.4018
240.21888
225.66544
214.10628
243.02174
250.61492
255.29088
254.30434
262.5984
271.78908
266.4792
257.7973
250.99906
239.32804
252.8162
259.3086
276.01176
271.49088
270.1647
261.72414
262.11276
240.56032
275.457
275.65318
268.0617
255.7038
246.98412
269.63966
272.01792
291.42976
289.19088
264.5622
248.50668
240.14946
274.84416
274.5216
268.24862
270.788
276.69504
272.27022
263.6625
252.5694
271.6316
278.69952
277.14646
268.55972
271.91808
275.82114
276.34644
274.8464
266.48996
273.03696
264.5689
277.78276
276.7692
270.05824
271.42492
263.06868
269.22
277.95848
274.0122
255.4489
266.98594
266.5085
264.5664
275.21464
265.20624
262.515
266.475
261.997
274.63098
266.81436
260.28522
250.08408
246.9312
228.6022
239.1351
250.2506
242.5458
257.58414
263.13658
257.31108
256.59522
235.96932
237.50568
253.6704
244.7941
249.20168
254.84
256.965
247.12314
250.30008
247.40352
242.0496
244.55272
252.06528
256.30056
241.49744
248.35624
239.0976
243.94552
226.17036
236.55946
250.194
250.54372
245.91232
245.84994
256.3977
253.7624
253.1232
254.2512
269.72482
263.33952
256.4848
242.609
231.34696
222.0099
216.4968
208.6629
218.46048
221.34656
238.1078
237.3476
243.52768
236.82264
233.8696
237.66204
240.4144
235.37046
252.324
247.6474
241.61496
231.70796
224.9055
207.3626
209.20914
199.04168
187.21614
166.56048
174.4578
181.31232
206.2512
218.87736
229.20198
225.5429
214.3262
211.9138
196.67844
205.875
213.56148
212.432
205.11972
202.1069
199.655
201.49614
199.87254
193.69168
188.9352
193.70916
194.25984
188.3244
188.87796
190.04992
174.14902
190.7202
193.6125
193.1888
188.86482
190.47
193.534
193.57086
193.4533
181.18898
178.5768
170.07484
170.15544
172.65088
170.66968
170.55918
182.70632
176.993
172.86976
170.64
167.33526
158.47832
155.89168
161.48888
155.97456
155.83548
160.32286
157.02204
150.5479
157.98768
160.4436
159.5316
161.57952
159.51184
151.70936
144.67874
151.1622
146.83518
145.38048
148.02224
137.80632
151.41236
141.27824
151.0098
147.5089
135.8048
143.25
139.104
137.23668
139.78144
139.74138
138.5694
136.86296
139.01814
132.02028
133.45668
129.64832
125.23102
127.29028
127.66572
123.81362
126.4032
115.68796
120.69372
117.69376
117.33246
124.92928
117.65152
118.47972
113.69424
112.19936
111.57328
109.43984
105.00576
116.5224
116.56
117.18
118.4308
116.43268
107.6348
109.82842
110.25414
111.76746
114.41408
113.46664
113.06596
113.5412
111.8604
113.70348
109.34616
111.6512
119.49724
114.84792
117.23946
117.75456
118.8716
117.28944
118.8432
117.2368
115.74936
119.6975
116.06526
120.26736
121.28844
121.38032
123.039
122.14046
124.54698
128.05632
130.86172
138.85472
137.5107
130.08864
134.82306
139.62504
142.3817
141.19056
144.5004
143.18976
149.664
143.7228
145.3998
140.9823
151.1823
154.68668
161.182
154.18796
153.76592
155.16426
154.4088
160.80088
152.74752
152.70832
154.15296
146.79864
168.6326
165.50016
165.1728
167.02738
166.62272
162.58032
169.75182
170.55704
177.5683
177.44736
183.26308
186.18138
186.00244
175.4496
173.0064
179.9182
181.5737
196.352
184.6229
192.68004
186.8713
195.22668
196.6965
190.5904
199.33984
196.49538
193.32308
185.35862
209.65824
211.32936
202.99698
210.6608
220.61508
223.70988
209.69982
213.62324
215.7246
216.79748
215.19522
215.5461
194.4647
206.67968
214.72984
227.54032
222.79148
206.71378
204.9795
209.11786
206.3508
224.27946
240.4365
251.36256
228.64992
232.512
208.89198
209.51112
207.5184
218.27088
221.4006
235.09224
242.1573
240.7921
222.4754
229.6728
237.99636
244.48
239.64444
243.0527
254.04228
263.67268
253.4763
265.11472
263.11172
257.6164
256.6872
261.96984
266.4636
264.05728
250.09264
246.02334
246.41872
243.88056
250.035
254.12816
258.894
268.71732
267.2747
262.15086
268.4143
266.59584
270.87936
264.42162
271.50468
274.81264
268.11532
275.4666
275.63488
279.77658
269.89064
279.37552
262.7488
268.0216
243.61002
239.232
232.80576
261.21936
262.59946
270.87888
260.07842
252.0179
256.76496
265.5525
259.5846
253.2224
259.6142
255.2852
267.6225
275.11248
277.19448
280.11854
269.11824
275.16582
266.07582
266.89388
268.335
278.95422
252.96544
258.4832
263.4471
247.09252
260.883
262.54928
247.968
265.25832
266.2101
249.09
265.52378
271.16102
266.30296
261.7776
264.7927
272.8421
275.8496
271.971
272.00124
273.45608
271.026
265.15852
241.06068
252.6457
262.81056
256.51072
262.72628
261.49538
260.19168
247.37724
254.55296
254.24384
245.2912
230.05242
244.0966
242.68586
241.236
258.75564
262.57296
258.62848
257.07906
257.74584
252.33194
242.03388
248.78718
256.7175
244.46604
259.82208
258.93
257.84136
242.64572
236.58888
234.66444
239.67876
237.6369
242.52894
243.82862
245.36376
242.02556
214.16734
223.47076
226.9008
223.6929
220.43322
227.7462
243.1273
246.8404
236.06376
239.445
239.36912
238.06064
229.659
225.07376
227.1356
213.10958
221.22026
222.50016
220.78528
210.7512
232.8184
240.4431
239.19648
230.3256
215.17696
212.70586
214.859
216.62304
211.48866
209.20064
209.49606
220.7724
226.18828
217.2308
207.15898
205.7195
203.278
201.2578
196.1875
192.55698
205.75906
198.84888
204.05196
194.8642
200.7525
202.54722
186.94548
190.6128
190.91204
190.30616
188.17436
189.49648
191.28888
189.5379
188.363
178.51036
179.38316
180.21
184.23636
179.89776
175.3312
178.56964
181.37348
175.26348
173.35856
181.96424
172.9912
170.3646
179.1734
175.29032
176.47374
176.12986
165.28948
169.70724
166.43328
172.50108
160.46196
155.67084
155.4336
153.8082
158.9049
156.38784
154.30508
153.09276
151.58374
148.12836
139.934
147.74232
154.82624
148.44788
155.72722
141.322
146.52074
141.75744
137.63736
149.57372
140.22608
140.17914
136.90718
134.72922
135.11474
128.715
137.475
134.31996
129.0936
137.20416
132.87462
132.69568
132.4752
131.01984
127.58784
138.29604
133.1624
131.4192
131.9616
128.39568
125.27244
122.66496
119.385
118.8054
125.93328
121.17354
120.2817
120.94374
126.9783
120.49946
117.0585
116.26672
114.7425
114.64528
126.66312
126.33216
126.7871
123.552
122.51646
114.81686
123.7409
118.125
119.5556
122.6403
124.17658
128.7937
123.30594
120.98274
112.9878
116.05622
117.45528
124.81536
122.05316
126.4648
126.3878
123.5912
121.18288
126.46492
135.3492
123.00112
130.50624
132.5184
126.90574
128.89044
129.99714
135.65952
144.5004
146.02454
148.15948
149.17836
147.58452
145.3296
139.95716
147.9504
148.06896
155.67164
155.9052
154.51072
148.26696
158.6952
156.61896
159.2696
154.62912
159.87122
173.2352
170.816
164.6112
170.1818
167.0366
162.40348
174.4794
176.76648
172.47482
169.59744
179.467
187.09858
183.91824
183.07512
189.27288
184.7475
192.63996
183.24192
187.59914
196.03584
194.71578
190.91152
195.42962
196.68992
193.66254
187.39276
202.78944
190.20494
204.22416
186.186
180.894
183.35868
191.99056
181.75296
194.25096
183.95838
200.8968
211.6807
220.99176
228.22116
215.6539
219.45996
214.75276
220.985
230.90322
212.1375
226.3563
223.0592
226.38336
219.33072
226.57514
215.46984
221.28352
234.1878
240.3024
229.406
246.22236
248.4958
244.3818
239.5392
241.2487
227.20176
214.41234
227.423
251.01272
250.02522
246.16942
254.9895
258.62304
240.85056
243.75708
231.89152
232.33312
235.838
252.63188
258.83616
269.27574
259.5208
264.63152
250.05656
253.82388
244.97872
244.94904
244.237
258.9472
252.86
252.36024
259.8592
245.04384
262.39
266.61396
279.84096
272.22264
258.65792
258.6975
272.07168
271.14868
271.4704
284.2
282.2274
287.25156
275.7601
273.23986
273.69946
264.53856
268.20612
262.9725
267.72278
259.98336
253.35252
257.54724
272.45552
276.20892
276.186
272.66776
274.056
269.13328
261.43628
253.5582
264.41224
271.54764
285.12276
303.46344
302.7188
280.92672
262.75704
267.34268
261.4494
261.8934
258.68928
262.31184
254.2006
272.8404
280.8156
272.71426
265.2732
263.8968
259.1824
267.34268
269.68976
265.97138
249.3094
255.96576
248.3496
259.10442
254.70672
263.25696
268.29582
259.6142
243.70356
251.7989
263.50212
266.7344
256.6764
262.30852
261.22584
260.02056
264.48
254.71332
252.15836
253.9458
263.388
259.93
253.03806
249.91966
250.08544
249.28842
256.38528
258.1425
265.2096
267.50696
274.60312
271.4352
269.38168
266.07776
265.24282
256.1338
250.87172
248.07192
236.45094
260.4476
260.26382
256.2872
237.78664
241.3214
240.1596
241.3726
244.8075
241.20418
235.44414
235.39248
238.02792
225.27984
224.68974
220.68
223.23048
214.17672
224.0662
222.5478
233.83976
223.34152
235.10474
230.35408
227.64936
220.66016
198.32972
204.61456
196.812
210.40206
221.90916
222.24
216.17428
230.1696
227.14484
229.3984
230.79906
225.31584
218.69568
210.41676
197.12348
186.55344
206.0452
201.0681
203.285
205.17
205.1832
194.22304
195.2416
187.43142
177.9757
195.06408
190.6166
198.99016
194.1525
195.47136
190.2975
179.4559
187.34408
185.41084
183.9706
179.11138
196.69396
195.4725
192.5644
187.14624
181.944
167.1554
155.7246
163.1084
161.252
157.67272
156.63068
157.54648
156.60736
163.38564
162.12152
169.20576
169.55436
168.09216
156.51826
152.81
148.28124
151.98258
147.4208
157.58922
156.56652
158.2986
155.22224
154.924
148.08528
154.2969
149.92128
145.6312
143.15824
145.0156
139.41
130.8216
118.54214
119.69304
134.53528
136.44
142.13282
137.52764
132.36804
123.95058
132.2248
133.67466
125.31638
135.58272
131.68128
132.13552
130.9924
122.9325
122.96704
122.30528
121.47056
125.9904
127.42362
129.82764
119.72592
123.73198
116.87582
123.30302
122.89704
116.1075
124.73424
116.5976
123.0537
121.44384
117.8
122.06754
121.57456
124.1526
119.184
120.10752
112.80528
110.9482
113.65112
108.2536
106.19176
107.25198
106.9432
111.95296
114.257
118.38444
121.5445
125.68304
128.43612
130.29192
128.184
119.93076
124.00008
120.90708
130.56246
129.5268
129.0488
123.13574
127.22494
123.8572
130.62798
129.47712
128.34366
134.60178
132.12672
126.4725
141.5304
141.03984
144.12024
138.24204
138.9388
145.3707
146.17242
143.75106
147.99568
152.71796
152.2014
155.21906
157.52044
160.49624
156.76472
160.26664
146.26092
139.4592
156.43808
156.3177
156.14144
161.3961
158.592
156.1518
168.45844
168.51318
169.9386
163.81476
176.723
183.96276
171.99828
183.51722
180.87432
187.0202
182.26856
184.05934
183.02736
181.29408
186.99272
183.88992
191.334
196.74784
198.5586
201.676
202.2874
184.08
203.50326
208.7029
214.96006
214.464
207.97952
194.36612
208.20836
216.0255
209.26638
214.83104
211.63482
212.79582
217.04644
205.53286
214.3372
211.1432
221.37728
210.72038
217.08296
234.17064
236.5704
226.68236
225.99168
222.1936
225.67126
236.7505
232.31796
237.59342
242.06
227.90786
226.75796
234.91472
232.8412
233.3656
229.69088
243.99832
247.83888
265.59032
250.58592
253.6794
259.94544
259.26996
252.68004
249.05724
252.288
250.95692
270.25378
267.2108
266.01904
254.0682
267.83008
227.3328
221.662
227.39778
240.35922
235.15128
248.62024
245.17164
239.74464
250.02936
256.8132
258.31764
262.4328
258.94512
244.92112
284.7318
279.8387
263.08664
249.15072
260.13936
263.56428
280.7844
286.32408
274.6898
274.7904
278.01264
278.27512
272.83204
282.36732
265.92826
275.77532
265.99612
262.17424
266.17792
274.15998
270.39096
287.1882
275.92782
278.31078
264.43462
251.17456
249.29492
249.91756
254.96292
251.04354
262.84776
258.89536
256.08288
258.67456
248.51962
277.55088
274.61582
273.95928
264.01584
242.39328
270.86288
269.76496
268.8225
263.50248
265.16904
273.19572
271.2515
275.3252
270.39194
264.67056
272.33388
275.462
273.22868
269.22352
259.4439
265.12112
270.06018
261.84336
240.86076
258.79446
264.8625
271.662
258.66862
269.41572
265.1925
268.9005
268.22124
259.92878
257.8821
260.55084
264.66908
254.4786
253.2078
257.35508
271.06442
278.39
264.21444
256.48972
248.89312
239.3791
233.17098
238.0795
229.7489
223.65018
226.49628
229.1928
220.675
214.56844
236.17776
233.19878
227.17338
233.07008
235.7462
229.0032
245.74792
247.032
250.43562
235.6803
236.4078
237.42516
243.1425
246.00132
239.3025
234.42006
248.29124
247.801
241.17286
239.3496
244.53784
240.31194
232.3275
209.916
217.08232
228.50652
233.9812
234.15498
227.4424
226.41968
222.84416
207.12916
217.72416
215.79586
213.5048
212.8388
216.93
214.863
195.41072
193.12986
206.5118
208.134
222.41664
213.4308
209.85804
197.0423
181.06076
185.79686
187.61892
196.13286
192.00768
195.98348
193.75248
203.34236
194.8056
188.63376
196.916
194.9628
192.02414
190.08864
191.764
188.5525
185.20502
184.03308
176.55148
161.60264
169.37748
169.58912
170.50418
167.57028
165.8286
158.92524
170.31296
166.14166
170.08004
170.307
171.27168
168.29392
165.71976
167.3826
163.0504
163.26612
153.88152
141.71072
140.31452
133.40874
150.60232
152.2326
148.62528
150.33414
149.58372
145.485
137.23536
142.63936
140.01674
137.12778
136.4412
135.48984
130.43508
142.2575
137.31984
140.22912
131.32584
127.7847
130.24176
137.70936
135.32922
129.0825
125.1858
132.3265
133.79532
135.4002
131.7547
131.79672
131.63288
127.89902
126.48784
122.75928
118.80796
121.19796
121.26484
117.86236
119.1675
120.27944
109.5412
113.99886
117.07888
120.2436
121.31328
119.35968
116.80214
119.28332
116.55766
113.3475
118.47348
113.5838
120.66048
115.32672
113.5412
119.74112
119.80284
117.70224
115.8832
117.54306
126.49764
124.6117
126.20698
115.8525
115.4175
119.33194
122.27328
117.95212
126.92256
125.643
121.7748
125.3175
132.1749
130.31248
125.08972
133.09968
123.93712
131.68776
133.71256
129.49036
133.21314
135.79212
132.9713
143.34082
141.88086
142.44496
141.68158
146.18188
146.40252
144.32678
139.72032
145.42686
151.305
147.5631
147.01968
149.55228
149.5802
143.925
143.15972
146.07242
155.31096
160.56024
156.7797
163.80554
167.39484
170.64432
169.76672
166.98214
166.33512
185.20096
174.95574
177.22908
165.69252
173.53788
179.1171
187.3386
188.8112
185.23662
183.17232
185.6478
180.05188
179.0396
194.9562
194.68434
186.61464
193.13864
184.97128
204.63762
213.1064
207.702
215.6453
208.65452
206.43236
213.74496
203.11296
194.30796
209.07288
211.70832
200.9787
190.2891
204.34908
223.77624
228.66406
215.2704
210.00168
208.2288
214.7912
216.69756
207.58934
212.97056
214.2225
234.11516
232.51288
218.58056
239.46496
245.86848
233.56416
223.4925
224.3925
246.0192
236.89316
238.52544
237.81028
223.9388
230.11472
243.31008
256.83284
249.95556
252.94336
237.82
246.99356
266.68872
262.67334
253.33
252.014
245.2086
257.1918
254.78692
255.56058
265.7382
256.70192
258.3335
262.87372
256.8344
268.07696
252.75472
253.24352
275.99936
274.84172
276.43056
273.80932
275.0046
265.97052
270.1237
276.19
252.84096
259.54528
250.93476
249.82776
249.17098
273.5425
267.9
268.4472
254.04912
267.54084
276.1682
268.70342
261.74156
275.3004
269.61984
270.46198
276.55664
291.73176
276.08668
277.09284
269.27602
273.05434
273.7216
277.6376
275.48586
269.71232
270.21616
266.26232
262.86092
260.13024
251.45244
263.03158
257.47986
249.5628
268.5975
262.65316
277.74456
266.18026
273.01428
270.12
262.27474
259.31106
259.99002
269.60704
264.10006
271.71898
273.75928
267.80644
258.40224
254.96292
253.6239
261.812
266.2132
272.88
287.898
276.225
263.25696
238.8014
266.2125
265.22584
274.94832
258.68346
257.9714
264.825
265.3432
280.575
283.12198
279.20924
257.3627
255.5738
256.33132
261.405
263.6738
266.10348
268.3764
267.47724
251.5852
242.91904
234.80504
235.04448
234.36238
238.68832
245.4192
231.10752
237.45904
230.80828
238.6005
243.2602
240.11342
237.2412
230.50572
234.5271
249.65694
224.4302
248.724
242.12176
220.2928
216.69048
227.23064
243.3912
240.6975
247.41376
237.677
226.96014
233.95306
224.18964
232.33424
213.50404
205.10336
206.67936
206.00676
215.14284
216.0946
215.9766
206.39416
228.78072
225.09616
207.74456
196.69866
206.9463
220.72704
221.8482
218.90128
217.2651
214.65088
206.9928
204.92448
185.26482
201.116
202.4714
204.80684
202.39776
189.84268
200.59194
183.8907
203.28084
197.33112
195.99658
191.38554
194.27056
192.42324
181.48548
191.0018
192.86566
191.03344
188.34592
190.5244
184.515
182.3624
179.14444
184.9536
181.9314
188.368
181.0776
177.34834
176.54112
170.96288
170.76416
162.04284
174.79354
170.02698
162.3496
159.48918
164.6736
160.90976
158.5464
151.5407
166.78288
167.52288
166.94864
161.10336
151.7737
154.37428
146.62752
145.71984
146.80996
137.00976
139.63632
145.512
150.34368
151.59564
144.17918
138.85298
133.99866
144.09216
146.03544
142.63296
137.72102
141.13704
141.16212
141.46374
135.44956
134.83072
128.75324
129.38912
125.38316
134.0964
124.52704
119.22464
121.91878
125.40352
127.56508
128.5284
128.46852
122.80358
121.13388
114.75162
121.90914
121.2276
120.9844
113.8786
114.89128
118.18196
114.7503
115.76796
118.8944
118.19494
111.41872
116.2728
103.6742
111.24612
114.6525
121.87564
121.8602
118.91772
111.59232
125.6752
120.5281
121.72698
115.42388
109.81374
110.46624
114.45148
116.87
123.6078
124.39728
124.89416
124.63168
126.78288
127.95766
127.50456
123.5912
129.32694
126.84288
129.98556
125.45658
124.68898
134.2068
133.76932
141.11034
139.5851
139.48388
134.6807
144.56568
142.20248
149.36792
137.90358
135.75516
140.66676
142.416
141.44256
144.6606
141.2308
137.40574
142.5684
135.24588
138.384
147.51558
151.3435
141.63528
147.609
154.56
160.4928
159.15552
151.8075
148.66272
158.99892
159.05872
170.19448
160.38334
163.21
165.33114
158.99576
168.16578
157.23168
166.25968
176.2299
163.984
184.26266
183.5302
195.52596
199.2569
201.201
192.40328
191.37712
197.57682
201.2525
202.122
200.96618
196.2807
190.26252
197.952
203.14128
189.43924
186.97968
186.20616
200.1688
203.11704
215.7929
223.3125
221.28258
229.296
223.42836
204.77996
202.1579
229.574
233.64244
226.941
233.61048
222.20544
214.95786
203.6554
209.45916
238.32032
232.8352
234.06268
214.44832
228.722
222.91148
213.95628
213.122
220.6989
241.83672
249.95066
232.51852
232.18
229.6188
238.43648
251.64128
266.03724
265.7121
253.07478
253.63288
240.8475
226.35228
242.4824
256.3253
246.2187
237.13416
245.385
262.04544
263.90984
254.7596
263.638
262.8164
255.94628
265.2573
246.76694
233.352
245.55474
250.8798
262.50138
266.57566
282.58468
273.26844
266.78116
254.50752
247.0644
265.1105
268.8516
277.61832
268.44498
270.02052
273.97632
261.9975
265.34768
292.5252
275.9808
263.1838
252.2758
265.95232
276.18896
270.31796
279.1943
280.2646
282.4713
279.41376
282.0116
282.9744
281.512
273.7748
272.73598
257.49696
256.9376
258.14464
273.31964
265.69536
266.35532
275.5684
277.39086
275.6596
277.58136
270.4944
261.7084
268.6125
257.5973
250.75016
252.14706
264.67056
274.8996
267.30528
266.41898
271.2138
265.0165
250.9056
264.74048
260.64234
258.40332
258.02688
269.04982
257.17086
248.1872
263.50212
267.35856
264.91916
257.9344
263.77472
265.7325
259.11382
278.4218
257.98598
249.368
251.62988
244.65408
260.48352
269.31366
260.20676
254.78796
263.655
266.1444
269.02732
267.59916
268.62854
266.88812
252.75168
251.28572
245.156
257.40208
260.338
255.34912
249.0168
246.44046
243.91638
236.39616
238.7784
250.228
245.12814
246.72
244.7456
239.1606
235.60832
222.79056
239.40432
244.42418
229.4454
231.60448
230.98624
233.5445
229.84272
209.42784
217.584
235.81968
224.92696
223.12132
210.99414
205.87932
225.39734
223.85398
218.40064
213.58064
209.17784
223.455
220.23888
221.67
221.47152
219.81712
219.0576
227.62752
222.72498
205.52
208.47974
208.5804
206.85432
206.28888
194.95872
204.04944
202.04808
207.37836
200.9351
196.8696
198.24624
201.03148
202.0449
197.1525
191.9554
189.6923
188.38638
183.7569
188.03676
196.56956
193.26606
190.684
181.73306
174.105
179.57928
170.9076
175.0749
168.8782
170.2368
175.592
175.74232
171.67348
176.26584
166.14122
169.40872
167.46288
165.975
166.75848
158.12224
164.2368
169.6849
164.312
149.62584
149.55492
153.12264
158.89224
159.52128
156.28384
145.0696
144.1683
144.96096
143.39892
148.1382
152.98724
140.87612
145.157
141.6012
145.11104
148.66802
143.0208
142.5624
144.8541
142.82
140.74368
140.063
139.925
137.114
134.5311
136.78296
119.91698
115.79968
117.74376
120.29526
125.18528
130.5766
122.53796
112.4136
115.70776
120.66
122.06376
122.74
130.55952
123.1568
124.12416
120.54474
121.85036
121.49892
120.156
120.89536
121.42632
117.62032
114.511
111.444
109.664
117.55822
119.52664
117.9748
117.99
111.45984
121.85082
117.534
115.56736
113.66056
117.9827
124.63516
113.42672
118.90248
113.78736
122.53956
121.25014
122.9844
124.2148
115.63
123.12684
129.03
119.8312
125.9104
122.05752
124.89942
127.5351
130.15162
133.06048
133.5204
135.9456
135.14524
134.76016
134.01148
140.9755
144.78912
142.3128
140.0724
142.76904
143.5896
146.51284
144.3156
137.39544
135.78112
138.52592
149.5575
144.55644
147.7245
147.47032
155.02368
154.9704
159.90096
154.4466
143.172
157.157
160.53252
147.81792
158.27092
163.64288
172.2996
158.949
169.0205
171.7092
167.26376
174.20198
178.0683
172.24704
166.2675
173.41474
178.60824
183.37118
170.50848
177.71364
181.9392
181.89312
189.05688
183.99412
187.392
197.04054
194.16564
201.06666
189.84468
201.4272
199.43076
179.91828
199.05276
200.52348
204.25576
214.80594
220.51762
217.8792
216.59054
213.96456
219.03038
209.40522
226.7221
214.4166
235.52
226.16222
229.8657
220.33224
218.41968
218.7432
225.30048
216.1275
218.87112
235.92072
226.62642
227.2932
227.24082
232.34768
229.16628
240.0534
224.07792
233.7684
241.44384
257.56632
265.8024
258.64344
251.69856
258.5428
257.7792
266.81124
257.7978
251.5128
253.95712
257.46128
237.49224
243.97888
237.3106
238.67914
246.85152
260.10224
261.08268
265.78
258.96544
263.5633
276.48336
271.4478
278.57376
281.74608
274.6614
267.0976
265.05132
280.57528
260.88086
261.33566
270.87936
265.316
272.07168
284.2176
282.73392
278.8352
279.46538
278.97976
272.83388
270.0147
265.2949
274.3046
273.29044
262.80232
278.8401
292.08796
276.7558
279.4484
259.13608
258.4154
240.0508
269.04982
267.1875
272.50858
266.81908
269.76496
272.21292
277.37784
287.6655
287.50024
280.92672
272.06582
273.44092
275.8344
265.43426
253.35128
268.6425
265.576
262.6334
257.17158
256.55868
261.8934
267.9525
271.4023
281.12966
273.294
267.73912
262.63832
259.9605
259.73172
270.5352
276.36978
267.5025
265.60584
265.24776
256.26876
263.74084
263.20372
263.79306
274.41144
280.43672
277.1771
263.1838
258.23826
250.9375
255.5325
264.47088
253.86848
251.90146
257.97456
255.40382
253.931
257.97426
255.47472
257.55884
252.97006
255.71388
261.24336
257.985
257.98112
253.08796
257.57504
248.8398
262.05942
245.24478
242.33744
238.637
234.6122
249.30092
246.45
256.5
254.8128
235.71132
246.44356
252.2592
238.3392
237.8138
234.70304
232.1642
239.25712
235.22142
228.68412
235.82568
235.18584
231.6153
234.30352
232.62518
224.77282
222.7323
224.85384
230.535
229.4475
227.79592
223.38652
215.12748
222.35928
223.60712
228.7752
226.06668
220.785
220.1025
215.43264
224.4632
228.99064
220.2404
203.01288
210.05122
198.7062
191.5658
194.77772
193.36592
196.77624
203.72528
202.03918
198.4479
197.32006
195.7396
191.69856
189.15914
196.31712
194.1
195.49712
195.50916
187.92696
173.76318
188.3325
191.4972
190.3344
179.98694
172.27392
167.77836
185.22696
187.53792
173.76898
176.35152
164.6223
164.58288
167.4102
167.41488
169.14736
171.228
173.54496
164.3775
157.64384
158.94072
149.36724
140.57472
160.98264
162.70144
160.56864
154.62
143.33418
145.8016
157.83168
156.1108
148.2568
146.17416
148.99248
150.89
143.4525
141.52908
139.99436
134.12382
142.01888
142.57782
145.35988
146.952
143.54604
139.68384
131.79582
123.47644
120.5496
129.5162
126.03612
126.67826
129.2004
133.73172
133.40992
130.27584
131.25544
127.93218
127.96796
125.2595
120.22536
123.9788
127.36456
127.05576
118.2962
114.8328
121.81332
120.8628
116.9475
120.25884
120.2436
116.4225
116.49232
114.82152
118.26316
115.52976
115.74032
117.8912
112.98916
122.4528
122.3694
119.13052
117.11858
123.05626
121.1268
123.4686
122.65578
111.67842
119.71116
123.30594
119.39028
123.39108
123.327
115.59528
115.55808
127.2024
126.8372
126.222
130.10134
133.55496
130.33594
127.87254
128.77038
126.06
123.53856
129.5616
133.32456
137.9577
133.0714
122.63672
132.11556
139.67302
144.61122
145.65672
142.2564
135.29376
148.65048
139.20978
147.186
142.20332
132.35488
139.69152
141.47028
137.61132
136.86948
128.91984
140.60112
144.82768
151.3484
153.6979
156.12672
166.67916
170.60668
170.16912
172.76646
176.11062
174.05344
178.04928
176.62232
181.3686
180.8626
185.816
189.47868
183.10656
186.124
186.34624
185.36528
192.32268
188.9312
186.94422
198.5
197.37432
200.70732
191.0601
196.3572
192.9216
199.11354
204.9194
214.53132
206.82018
201.98608
205.22872
199.99992
203.7504
214.971
208.5776
198.9225
202.89528
217.8774
226.29024
224.23008
214.48704
216.63744
215.7918
223.686
222.98448
221.374
221.89488
222.99026
227.9662
216.7725
230.8229
250.88164
239.36238
221.30328
205.9632
213.6929
231.12222
237.68832
232.15266
216.05584
222.31616
230.28676
234.45856
251.26288
264.76552
252.32416
254.34376
250.3578
257.12122
239.06828
237.04584
235.7705
243.39232
259.66926
268.17216
266.1146
252.0312
246.9825
248.6112
255.1472
264.6306
275.2965
252.59
251.04
232.5816
258.24302
266.9513
268.3912
246.21894
241.23736
271.0169
283.40016
277.68376
271.1016
280.2384
281.64512
258.96
265.14432
260.88384
269.90802
270.84528
252.10698
272.366
268.25904
278.355
280.91556
271.8064
278.00832
266.02628
254.56768
283.96168
280.8883
254.1504
242.46012
266.3175
275.44776
271.8954
266.67
276.65172
274.2688
261.331
266.13092
264.43248
260.3172
281.33376
279.25296
256.88532
263.25418
274.12312
270.14848
265.47156
267.33
270.16352
268.875
266.99112
265.22538
263.46528
273.54704
270.29888
271.01776
265.29998
263.72568
251.44284
263.376
263.51736
269.18554
268.54672
256.69448
256.4229
254.21628
264.3432
264.81
274.849
269.9996
263.55032
267.39102
262.23384
268.49118
257.48142
256.98428
260.6032
259.235
262.68112
260.535
250.51232
267.6906
262.56636
254.63964
235.58548
241.29336
250.0756
259.8372
253.6094
257.64934
252.88384
248.41418
255.17622
251.9775
255.32388
245.73556
238.5954
238.87616
248.66384
240.31494
237.44832
239.5898
245.625
243.645
237.6584
234.17312
242.36208
244.42236
230.90528
236.51184
242.8253
238.99538
227.4976
224.34336
235.42112
220.97712
224.33724
218.48736
210.89814
208.53084
218.67328
220.7346
222.16964
216.03822
222.94888
213.93312
209.8896
212.15936
207.5609
210.5145
207.08342
200.59144
198.7666
195.51858
202.9877
211.84592
203.3964
204.74136
212.4656
213.64506
210.39582
212.22912
204.82308
195.915
195.0347
188.13132
190.04976
197.79984
192.7275
183.15372
191.48176
191.99102
188.9024
186.2175
185.97712
182.2851
182.1375
188.50936
186.904
180.58572
178.78094
178.89984
173.16898
176.904
174.3336
177.8974
177.31584
175.24632
167.085
170.3996
169.545
171.23328
166.07028
162.5778
170.25752
164.14464
160.53054
156.77714
156.05704
154.51072
164.80464
157.7422
153.0032
142.43072
148.1987
148.2648
153.60144
151.704
148.6331
145.1218
147.35936
146.32488
140.29822
142.57558
136.005
140.07842
143.12088
148.93872
144.62952
142.57254
140.66616
140.5368
132.9408
131.34688
133.287
129.9182
120.20718
125.97984
123.1425
121.65768
125.43282
127.2192
129.79374
131.86392
131.65904
125.73564
120.38544
114.7666
112.37984
116.56084
119.73368
116.1075
112.18338
117.91332
114.83296
122.02884
123.39858
123.85316
124.1425
116.1914
121.7601
118.94
124.4412
123.34412
119.98624
125.29986
122.8338
118.9096
116.16144
113.50152
118.3624
122.6841
120.82118
122.32704
120.015
121.6912
130.43764
123.03252
123.98956
118.02072
122.06376
132.91984
134.537
133.20944
126.31312
132.76584
128.1992
136.81902
138.2967
139.09842
138.69552
139.94672
140.30464
133.45668
141.8976
142.56072
144.97498
137.6528
146.2344
144.87352
148.2936
148.57466
158.23542
155.10204
151.2348
166.27832
166.57602
163.71332
160.98066
154.76264
149.88
162.1932
172.408
173.392
173.91612
176.664
174.748
172.14948
168.5453
177.7105
186.79856
182.952
174.3203
179.5794
168.105
176.97792
183.9708
181.3427
189.75936
188.955
187.19456
193.42064
204.016
213.81702
196.8954
201.8856
192.71424
199.79818
211.59768
209.1525
218.1252
218.32044
216.6314
208.48016
209.21736
208.247
217.12096
220.1672
231.9265
221.284
224.13872
234.51282
225.00016
219.43328
218.13382
213.88752
220.9527
223.15008
235.43844
245.2
245.1057
237.21488
215.39544
231.69792
231.33966
250.11
249.93936
244.3116
248.26596
241.96788
248.68382
261.24
250.4814
256.11576
253.63968
246.4512
257.54076
254.982
258.92802
251.93448
253.4609
270.80716
263.25936
265.89594
250.88088
259.39836
261.1863
249.9714
254.5461
232.11672
232.1385
251.36852
249.3375
257.2752
256.2798
262.60972
262.05964
275.4595
289.65032
279.99678
274.33836
275.691
281.7417
277.4348
270.2208
265.8556
269.60902
273.7966
279.27088
275.86648
279.37552
270.9908
270.40332
268.6352
264.23024
267.36696
260.37638
235.49496
236.01888
246.1298
276.47238
281.0115
279.30624
281.8186
288.2958
280.30464
259.01586
272.75872
271.59834
268.6144
276.29358
274.66888
280.92672
266.9612
274.91902
287.76664
273.49056
278.34336
271.50786
270.81024
250.98908
254.2663
269.7375
271.22888
272.14122
261.1238
267.4474
260.79444
254.4999
270.99824
275.7964
274.7628
274.0256
270.9499
266.68444
268.90768
268.49408
267.555
269.38158
273.17562
272.28118
267.38112
262.69152
271.35642
274.17522
276.49536
266.45616
261.3611
269.26434
270.7652
265.8227
267.84688
267.98332
257.11152
257.52666
257.64602
274.80884
270.62014
265.278
246.28872
244.84668
250.6476
255.30736
255.0525
249.92786
250.356
248.77776
241.1555
246.3756
256.94684
254.26388
248.59032
263.7152
260.53632
256.20726
243.10944
253.46
251.51198
247.6136
246.09806
235.21088
223.2
220.2058
215.7974
224.23962
223.7169
221.31956
236.8575
232.83406
224.55262
222.9525
221.0294
222.04968
217.20608
229.78112
222.259
216.86964
221.90544
219.32036
216.55134
218.53512
212.75724
212.56614
211.79862
210.03232
218.68912
208.80972
211.19928
215.76464
213.192
206.92154
203.49612
201.1419
202.33598
205.76976
216.46108
213.79584
209.74612
208.55882
202.041
207.3302
205.24204
204.7488
202.7904
199.60428
193.30298
176.58676
161.5128
166.23476
169.93544
176.51966
177.51114
175.88754
171.3967
182.72348
179.9798
177.26144
177.60708
170.10072
169.19304
177.07992
168.28504
172.9532
166.10088
165.33
161.7828
163.77
152.08974
155.4228
148.6122
157.725
155.8125
158.6348
156.21372
149.39428
145.8384
158.2273
153.3144
145.57444
145.8675
137.532
143.60852
136.9277
136.27776
137.91528
141.51102
133.24544
137.27296
134.6026
140.4844
139.28484
133.30856
140.31872
134.6188
134.47776
133.99796
134.88384
134.9271
123.90282
127.67482
124.34004
124.53
120.953
121.33152
120.3018
120.83304
127.3734
124.86052
125.7487
123.07276
123.21876
129.52494
122.3772
125.2719
123.95232
122.6112
118.11914
122.4146
119.99976
120.26124
119.206
123.64008
123.29864
126.37156
121.28892
118.89086
123.5754
127.96104
127.4981
121.3674
123.28312
125.13906
120.12
120.29952
125.05572
125.1822
116.2875
121.97376
122.6456
121.99316
116.50848
121.26468
122.87412
127.09854
119.40324
121.72576
128.484
135.58344
132.92436
131.11296
128.35964
117.64104
134.2439
125.56676
135.27198
137.8884
134.4384
138.99748
144.48456
139.74744
137.20592
130.11072
138.40968
139.2936
143.0044
141.9398
145.522
147.97332
152.4509
159.001
159.5543
157.64016
156.975
159.63024
150.49692
155.84256
150.27974
157.81632
170.89262
172.54096
171.24028
176.1548
179.4074
162.8528
154.33056
162.23648
168.29532
175.96116
182.31956
180.5232
178.47096
181.94872
188.4108
183.01032
179.2726
178.23612
180.25308
183.9124
191.2941
193.89136
191.56992
201.22928
205.6923
204.20064
203.23694
210.2778
204.08024
209.6933
198.62388
212.79002
210.77712
203.32592
213.09736
212.58564
213.7982
211.99816
221.9178
221.94784
222.897
220.66076
223.03852
225.00712
227.45538
230.30356
210.0268
219.30844
237.17278
229.0723
207.22944
211.6212
233.18784
219.18984
232.08996
232.2256
234.91698
245.98804
239.44394
233.76276
259.59036
239.78616
234.57888
242.00358
240.41556
246.45876
227.54952
245.6244
247.3192
249.25782
249.3256
256.69
248.61642
263.1798
270.51252
274.1904
277.93932
277.60622
266.5172
270.7458
269.72482
267.05796
255.906
262.25064
275.31092
267.2208
259.40628
277.44578
289.68198
274.94456
268.70514
264.7688
280.23752
275.9844
273.2422
278.78576
274.4357
270.93732
267.74076
273.40072
286.08944
267.75252
257.60756
275.0706
276.92544
263.08436
279.1635
278.91456
277.56288
276.9118
263.90936
262.4832
274.0788
276.34692
280.64256
276.46884
269.39648
267.5175
273.44092
261.41402
268.23
273.8654
268.5975
259.06752
268.2975
258.72608
267.35764
279.624
277.74456
275.10852
276.7312
268.06824
284.03424
289.78944
277.80996
274.03974
281.06496
281.0112
283.76404
285.05646
270.70862
264.22416
265.60584
260.13036
271.6672
269.50222
267.91504
272.7564
261.7764
254.09612
256.88304
266.86976
260.41488
261.0627
264.2175
261.8087
256.0844
255.3111
260.11528
268.85
266.79326
264.94776
259.8975
263.30724
263.00484
270.96576
270.20544
267.56044
258.65792
261.4721
251.71752
246.19936
250.73544
254.64976
248.65224
249.51528
251.67
247.67016
241.0032
246.29936
248.5575
237.5958
234.5125
237.24224
239.6416
235.68928
242.913
242.67
253.4016
255.7636
241.11376
240.58736
225.74552
229.47008
238.82196
246.3456
249.2402
247.52636
228.37276
220.4673
219.26328
232.659
230.82202
231.19236
228.232
223.75672
217.65834
214.20322
208.65936
209.0501
211.29088
212.94658
212.16006
203.38864
199.83848
198.6294
200.77512
207.15898
207.84676
205.42584
203.1596
203.285
194.7713
205.60826
199.17624
199.755
190.08576
198.75
197.46768
183.81594
176.43654
182.15288
176.07514
186.2049
186.88046
187.7775
181.1816
182.56112
181.54656
179.86806
174.81472
179.34
181.14684
168.0387
170.2
162.69728
174.12122
166.3816
172.99076
168.3525
166.03356
166.1544
163.1762
167.47998
170.4703
167.72336
160.74
153.56304
149.328
156.25056
156.63312
149.5872
146.16224
145.8096
143.14464
140.86928
139.58508
134.7192
140.7945
151.96716
146.89428
143.91388
150.384
148.66802
141.6412
134.52264
136.35264
138.51
138.84936
133.005
130.2372
140.11456
135.18216
132.75612
131.80862
132.44704
133.91884
130.80216
125.4825
124.98
117.83004
126.97216
118.02834
114.49256
120.02408
119.14144
113.8992
117.4577
117.885
113.2038
114.7503
114.219
117.2775
113.10588
115.71952
117.37518
117.60138
121.12128
116.34944
111.64384
118.1722
113.59342
115.87546
110.5412
117.4504
111.0888
120.7591
120.4896
122.62482
125.60464
123.57024
118.23084
124.1212
119.0312
120.08358
