162.08 
164.91 
166.02 
165.00 
161.46 
167.69 
165.76 
170.79 
170.72 
170.63 
168.22 
173.38 
170.88 
171.00 
171.18 
176.13 
176.62 
175.63 
178.82 
179.00 
181.74 
179.65 
181.13 
184.24 
184.91 
184.93 
189.03 
185.95 
183.45 
185.46 
188.70 
192.94 
190.39 
197.43 
198.47 
199.21 
209.00 
207.06 
205.44 
205.14 
206.23 
210.42 
217.50 
221.13 
219.77 
219.03 
213.38 
229.61 
222.69 
226.34 
230.79 
236.09 
232.99 
239.42 
232.64 
224.05 
233.17 
242.31 
248.31 
250.76 
254.26 
258.03 
253.03 
266.55 
264.84 
266.57 
255.72 
255.16 
258.87 
259.68 
265.63 
268.47 
272.48 
267.57 
275.21 
277.80 
279.10 
285.16 
291.16 
287.38 
279.63 
288.19 
295.69 
294.58 
300.56 
303.01 
303.38 
300.14 
295.09 
296.74 
304.84 
309.03 
310.83 
314.79 
317.62 
313.98 
300.37 
315.83 
329.05 
332.38 
326.11 
315.95 
309.26 
296.62 
302.52 
306.83 
318.50 
310.90 
304.49 
305.79 
323.03 
335.44 
337.06 
326.20 
330.49 
321.46 
332.99 
337.57 
353.80 
353.29 
349.44 
330.12 
330.07 
340.42 
341.88 
334.26 
345.05 
348.50 
356.25 
347.13 
354.61 
354.10 
341.06 
330.25 
331.37 
344.93 
359.14 
361.78 
362.08 
357.31 
357.62 
344.51 
337.92 
343.50 
346.53 
350.42 
356.74 
356.69 
356.60 
357.87 
361.18 
359.35 
349.63 
343.10 
355.25 
333.56 
344.05 
354.65 
357.08 
360.21 
349.40 
352.08 
359.49 
372.36 
348.06 
346.60 
349.98 
354.35 
359.33 
358.03 
363.52 
366.97 
371.39 
363.26 
363.82 
365.60 
359.26 
362.59 
367.78 
372.25 
372.57 
366.57 
371.48 
375.90 
365.12 
353.80 
344.77 
341.69 
339.40 
340.46 
344.19 
357.38 
356.69 
351.25 
351.78 
341.46 
336.74 
344.68 
332.66 
338.50 
350.56 
352.48 
350.49 
337.75 
334.21 
335.00 
335.28 
339.70 
339.31 
342.82 
342.04 
340.58 
343.50 
345.90 
337.57 
333.82 
329.70 
334.26 
329.12 
324.86 
320.81 
321.53 
325.39 
322.18 
335.00 
331.18 
314.91 
306.83 
310.16 
316.44 
319.56 
318.56 
313.17 
308.73 
308.03 
313.13 
311.94 
301.37 
301.71 
304.58 
302.43 
296.18 
293.59 
300.49 
289.44 
300.02 
296.88 
295.35 
290.46 
294.00 
291.92 
291.32 
288.52 
285.69 
280.56 
279.98 
273.87 
277.20 
271.76 
268.56 
272.25 
276.00 
270.49 
265.58 
257.85 
253.40 
257.64 
251.71 
250.81 
246.02 
255.44 
256.32 
252.52 
250.21 
255.60 
255.35 
246.53 
243.36 
243.38 
247.48 
245.44 
248.29 
237.45 
231.13 
227.13 
233.52 
238.54 
230.00 
229.86 
226.60 
222.73 
223.77 
220.58 
219.21 
213.08 
215.25 
208.08 
211.41 
210.19 
211.69 
207.52 
204.28 
197.85 
198.38 
197.01 
199.65 
190.30 
194.17 
192.94 
187.43 
191.11 
187.55 
185.28 
188.73 
187.36 
183.10 
183.50 
185.88 
185.97 
181.50 
178.43 
178.82 
174.24 
176.71 
172.57 
169.54 
170.07 
168.70 
172.36 
167.31 
166.85 
167.85 
166.37 
167.04 
165.02 
161.92 
163.10 
160.35 
163.70 
160.09 
162.41 
156.99 
158.22 
160.28 
156.71 
159.14 
159.61 
157.15 
157.15 
158.38 
155.35 
160.58 
157.04 
156.67 
156.99 
160.46 
160.56 
157.52 
155.21 
153.68 
153.06 
155.21 
158.01 
163.15 
164.10 
162.75 
152.62 
160.83 
158.77 
162.29 
160.97 
163.52 
161.81 
163.33 
164.33 
168.75 
169.42 
172.75 
168.66 
169.58 
169.98 
172.78 
172.92 
179.75 
180.39 
182.41 
180.56 
180.72 
179.14 
178.40 
173.31 
180.74 
185.69 
185.53 
188.47 
193.96 
193.36 
195.51 
202.78 
206.06 
206.04 
206.32 
204.40 
203.54 
210.51 
215.25 
213.40 
216.55 
215.83 
219.72 
219.28 
226.30 
222.04 
227.29 
223.22 
223.56 
229.49 
237.99 
240.67 
234.00 
240.65 
244.12 
245.81 
249.07 
249.61 
243.22 
244.56 
248.29 
257.62 
250.76 
264.05 
261.62 
260.25 
260.83 
260.35 
257.48 
267.64 
272.89 
269.38 
281.90 
279.56 
278.31 
275.51 
292.01 
289.00 
294.10 
292.80 
295.19 
295.39 
299.00 
305.07 
311.02 
309.28 
311.11 
306.00 
308.80 
305.14 
304.28 
313.77 
315.63 
312.18 
306.64 
316.88 
299.19 
308.43 
322.25 
325.16 
322.85 
315.12 
321.30 
327.13 
307.13 
311.34 
325.56 
332.87 
332.59 
325.25 
317.89 
320.09 
322.50 
327.55 
335.21 
335.25 
347.52 
348.50 
352.82 
352.82 
348.54 
338.15 
354.17 
351.50 
340.07 
344.14 
345.30 
346.20 
344.95 
349.58 
349.31 
361.76 
356.57 
358.94 
349.72 
346.02 
339.10 
346.18 
350.00 
353.94 
346.02 
356.81 
356.46 
354.88 
363.15 
357.11 
360.74 
358.24 
363.06 
360.88 
355.44 
356.00 
345.42 
341.64 
351.39 
352.38 
364.10 
362.66 
357.64 
352.96 
348.50 
346.97 
345.21 
337.57 
344.40 
340.23 
361.02 
359.44 
357.59 
368.70 
369.98 
373.94 
362.75 
356.09 
339.95 
351.46 
355.05 
356.55 
353.68 
363.80 
359.03 
347.85 
350.05 
350.79 
348.13 
347.99 
352.11 
354.91 
351.55 
348.87 
350.63 
342.04 
339.77 
344.88 
345.51 
346.88 
340.09 
337.59 
342.89 
346.88 
344.77 
352.04 
349.77 
346.53 
353.91 
342.31 
338.77 
335.14 
335.83 
336.34 
341.02 
332.89 
328.73 
329.54 
328.15 
323.26 
323.68 
329.03 
329.42 
328.59 
318.24 
335.14 
331.20 
328.47 
321.20 
317.11 
317.64 
320.90 
321.46 
314.26 
310.88 
314.86 
319.26 
318.73 
319.40 
317.36 
317.52 
310.93 
310.14 
308.43 
301.48 
289.86 
275.07 
286.88 
281.99 
286.55 
290.76 
277.87 
276.41 
278.77 
279.07 
271.90 
279.79 
286.60 
286.88 
286.78 
286.25 
276.64 
260.79 
258.40 
258.50 
266.02 
272.22 
269.95 
262.85 
264.47 
256.46 
261.92 
252.80 
254.12 
260.65 
254.65 
255.58 
254.47 
248.59 
248.13 
257.99 
255.65 
250.93 
246.67 
247.62 
240.72 
234.14 
234.35 
234.26 
230.86 
229.44 
226.16 
214.88 
215.23 
208.40 
212.71 
226.20 
223.06 
219.79 
219.03 
211.83 
211.48 
208.66 
202.20 
205.37 
203.31 
206.64 
198.98 
200.12 
200.67 
196.62 
195.86 
193.26 
185.42 
188.73 
191.04 
192.01 
186.37 
182.62 
182.69 
186.94 
181.83 
178.77 
176.32 
173.24 
178.01 
174.98 
174.26 
174.54 
169.17 
168.43 
169.12 
168.84 
168.19 
166.13 
161.27 
164.10 
163.47 
162.75 
155.30 
151.74 
154.79 
161.46 
162.87 
160.00 
153.80 
160.51 
159.03 
158.29 
156.46 
159.26 
154.42 
154.93 
155.39 
154.19 
155.76 
155.07 
157.92 
159.10 
159.19 
152.34 
150.09 
152.25 
153.96 
157.43 
159.63 
156.78 
162.73 
163.89 
162.80 
162.06 
155.39 
159.91 
157.31 
159.14 
164.31 
164.81 
164.33 
169.24 
173.59 
172.45 
170.81 
171.11 
170.76 
173.40 
172.29 
174.07 
181.48 
178.66 
178.15 
180.65 
182.48 
191.20 
188.50 
189.28 
190.25 
187.45 
190.90 
190.16 
193.56 
199.63 
198.50 
195.58 
202.22 
204.03 
205.97 
211.20 
211.62 
211.04 
214.26 
210.21 
217.29 
219.56 
229.03 
230.58 
228.50 
228.40 
230.93 
235.05 
235.32 
241.30 
239.00 
241.18 
242.78 
244.68 
250.05 
249.17 
250.74 
247.59 
250.83 
266.09 
266.23 
262.85 
251.32 
264.44 
259.40 
261.06 
262.99 
259.56 
277.69 
271.97 
271.74 
276.06 
276.04 
278.68 
280.44 
281.78 
286.02 
293.40 
290.63 
286.06 
288.08 
289.35 
296.44 
295.28 
297.20 
293.82 
305.65 
311.20 
313.75 
315.02 
311.83 
315.81 
321.64 
315.63 
309.03 
313.94 
311.16 
302.55 
325.02 
325.90 
326.41 
322.78 
304.24 
318.61 
311.90 
330.12 
325.56 
325.53 
335.72 
339.88 
336.57 
326.46 
322.27 
335.25 
342.71 
349.21 
339.84 
342.85 
349.38 
344.93 
345.76 
354.40 
354.10 
354.35 
355.83 
356.83 
355.25 
350.19 
348.13 
341.71 
334.24 
343.98 
340.05 
335.93 
349.51 
345.35 
352.11 
346.83 
354.21 
359.38 
360.69 
362.18 
352.06 
354.58 
366.02 
359.10 
361.71 
356.44 
355.60 
366.20 
352.11 
348.61 
344.84 
353.66 
351.85 
341.97 
358.70 
357.45 
351.32 
358.68 
365.67 
356.25 
353.08 
354.28 
351.23 
358.75 
358.89 
347.62 
350.35 
355.19 
360.58 
365.39 
367.66 
362.71 
355.86 
351.60 
357.82 
352.59 
353.87 
355.42 
351.46 
351.69 
349.70 
339.00 
339.28 
342.11 
351.23 
350.79 
353.56 
354.12 
356.74 
354.81 
358.82 
356.94 
352.82 
349.88 
346.81 
340.97 
337.62 
340.37 
337.96 
334.26 
339.63 
340.30 
342.29 
341.06 
330.53 
329.26 
333.52 
331.30 
336.27 
333.47 
322.06 
322.94 
321.27 
315.14 
313.61 
324.31 
325.79 
326.74 
324.14 
315.12 
324.14 
327.34 
326.53 
323.68 
312.92 
307.73 
304.26 
307.31 
304.88 
312.08 
311.50 
309.98 
299.65 
293.94 
299.77 
296.39 
299.61 
303.17 
302.69 
307.06 
304.05 
294.77 
297.20 
296.48 
301.46 
296.11 
296.39 
293.06 
286.46 
285.32 
287.59 
279.61 
268.40 
260.39 
265.49 
268.03 
271.55 
276.37 
277.66 
273.36 
264.28 
255.67 
259.86 
262.82 
260.83 
255.81 
255.86 
256.62 
255.76 
252.87 
250.16 
248.45 
247.59 
243.19 
244.79 
233.70 
231.97 
237.75 
236.13 
230.76 
231.23 
231.99 
227.89 
224.21 
220.21 
223.80 
222.96 
224.33 
218.52 
217.08 
214.12 
212.82 
206.04 
209.31 
206.85 
205.93 
206.25 
207.15 
203.63 
203.08 
195.63 
197.87 
200.32 
193.59 
191.57 
190.19 
191.67 
183.54 
186.83 
187.36 
187.66 
185.83 
182.22 
181.30 
179.03 
178.77 
179.84 
178.01 
173.80 
174.75 
173.24 
171.27 
167.06 
168.29 
166.32 
170.00 
169.40 
166.20 
166.55 
164.91 
163.98 
164.10 
163.73 
158.45 
157.22 
158.56 
155.65 
156.02 
154.24 
156.50 
156.46 
153.94 
154.98 
150.86 
151.85 
153.75 
151.13 
152.99 
153.89 
157.62 
160.97 
157.69 
159.07 
150.32 
152.29 
157.01 
149.93 
161.09 
159.56 
163.17 
163.63 
163.54 
164.93 
163.45 
165.56 
163.29 
166.99 
160.14 
168.19 
167.25 
169.28 
169.88 
170.93 
172.55 
173.61 
172.43 
169.54 
175.95 
177.29 
173.38 
179.47 
176.67 
178.33 
174.42 
182.15 
181.37 
187.34 
197.01 
193.08 
193.96 
196.46 
201.57 
205.76 
203.98 
201.64 
200.30 
201.78 
207.75 
212.06 
209.07 
216.20 
210.76 
219.84 
219.63 
219.75 
226.90 
219.65 
226.69 
224.38 
230.63 
233.89 
231.53 
230.00 
239.51 
240.39 
240.51 
235.74 
238.10 
245.49 
251.02 
259.31 
258.40 
258.56 
255.46 
251.55 
246.20 
264.51 
259.56 
256.27 
265.02 
270.56 
269.49 
260.81 
257.82 
260.93 
267.08 
253.22 
262.80 
269.26 
271.99 
274.79 
271.97 
284.14 
291.88 
293.45 
299.86 
284.88 
301.04 
299.63 
307.15 
308.15 
300.88 
304.88 
304.05 
306.55 
315.28 
313.59 
302.96 
312.13 
316.62 
312.01 
311.23 
315.07 
327.29 
325.88 
331.27 
335.63 
334.51 
334.54 
331.18 
320.14 
315.79 
326.69 
344.95 
343.06 
354.42 
341.92 
340.74 
330.39 
322.08 
327.34 
341.74 
349.54 
346.11 
351.46 
354.17 
355.93 
352.71 
353.91 
340.16 
343.31 
338.31 
341.32 
353.47 
359.93 
355.19 
353.33 
351.13 
358.03 
362.62 
363.01 
358.68 
350.83 
351.60 
359.54 
364.19 
366.57 
347.52 
360.86 
365.46 
356.60 
356.67 
348.56 
351.09 
365.25 
365.65 
366.16 
363.24 
360.07 
358.03 
351.99 
358.03 
353.73 
358.91 
361.81 
365.32 
360.95 
341.94 
345.72 
358.08 
362.62 
366.37 
350.16 
349.68 
360.63 
361.85 
355.05 
345.93 
353.19 
351.20 
368.08 
359.68 
361.20 
359.40 
354.63 
351.06 
346.88 
353.52 
345.42 
350.12 
355.09 
361.90 
361.41 
354.54 
345.58 
345.21 
350.44 
346.16 
346.90 
351.64 
357.11 
350.16 
337.62 
335.67 
347.55 
342.22 
352.13 
342.20 
338.03 
345.58 
337.52 
330.95 
337.87 
339.10 
336.41 
335.16 
337.89 
334.26 
331.16 
332.20 
323.68 
318.89 
317.55 
321.16 
319.75 
319.70 
328.66 
330.90 
328.45 
317.25 
309.51 
319.86 
320.02 
316.32 
310.00 
317.52 
315.74 
316.11 
308.38 
304.79 
303.24 
304.81 
302.29 
299.49 
296.53 
299.42 
298.96 
290.74 
289.14 
287.94 
294.75 
299.81 
294.19 
290.97 
286.76 
296.60 
301.18 
289.72 
268.56 
264.47 
262.75 
271.13 
275.51 
273.40 
270.74 
260.30 
259.35 
263.26 
256.92 
260.81 
260.56 
250.69 
252.50 
255.65 
255.53 
249.05 
243.26 
244.72 
243.89 
249.17 
245.63 
232.41 
232.87 
233.17 
229.65 
226.81 
224.03 
224.12 
223.87 
228.54 
221.41 
223.91 
219.07 
218.54 
213.33 
219.88 
217.20 
212.59 
204.58 
207.11 
208.68 
205.30 
209.03 
206.20 
199.75 
202.96 
199.40 
203.01 
196.13 
194.91 
191.39 
194.21 
192.27 
190.58 
189.51 
183.19 
185.86 
186.85 
181.30 
180.32 
179.40 
174.98 
173.68 
174.54 
169.75 
167.62 
168.06 
170.56 
172.22 
164.33 
166.81 
167.25 
159.07 
164.12 
161.02 
163.13 
166.44 
165.69 
162.04 
157.55 
161.74 
159.58 
156.60 
154.10 
156.13 
155.14 
154.38 
156.57 
155.69 
153.24 
153.89 
156.34 
153.43 
153.77 
152.52 
155.74 
156.32 
155.97 
153.26 
160.42 
154.44 
159.51 
159.77 
153.73 
154.77 
156.11 
159.63 
160.23 
157.89 
161.78 
161.23 
160.86 
160.58 
156.37 
155.79 
159.93 
157.34 
166.18 
167.78 
167.92 
169.70 
173.08 
175.42 
174.31 
174.49 
179.05 
184.00 
180.95 
182.41 
188.87 
188.45 
192.01 
192.06 
190.19 
195.07 
194.86 
196.00 
199.93 
204.95 
203.24 
203.94 
207.48 
209.70 
205.07 
210.39 
208.87 
210.58 
215.88 
211.44 
209.35 
218.06 
218.52 
225.83 
227.20 
225.72 
230.19 
233.38 
237.52 
241.99 
237.85 
238.75 
240.72 
244.35 
240.07 
239.14 
246.25 
240.02 
254.12 
255.93 
252.73 
253.98 
261.34 
261.78 
262.94 
263.54 
269.38 
268.52 
273.33 
273.29 
277.13 
279.75 
274.17 
274.47 
268.66 
279.58 
281.94 
282.38 
286.60 
290.95 
292.20 
296.09 
290.49 
289.84 
290.79 
301.23 
308.80 
299.35 
302.85 
307.66 
315.53 
315.79 
310.51 
297.36 
311.18 
301.48 
318.15 
325.16 
327.13 
319.42 
325.83 
323.15 
327.31 
329.77 
338.84 
333.06 
333.40 
332.87 
335.30 
334.75 
334.56 
330.81 
331.39 
333.22 
332.80 
331.94 
329.93 
346.71 
331.41 
328.80 
354.19 
346.71 
343.94 
345.67 
350.23 
343.22 
336.97 
347.73 
360.07 
357.96 
358.68 
363.31 
365.00 
362.80 
361.04 
362.45 
362.08 
362.22 
361.32 
366.06 
360.88 
363.77 
365.83 
355.81 
361.18 
354.26 
346.76 
355.58 
355.46 
358.96 
349.63 
367.52 
359.47 
349.61 
339.63 
345.79 
348.87 
357.66 
356.64 
353.03 
351.97 
345.86 
353.33 
347.94 
352.78 
353.45 
351.60 
354.47 
364.47 
352.04 
359.21 
364.17 
354.33 
345.67 
350.93 
346.04 
341.04 
347.41 
358.91 
359.05 
355.35 
358.26 
355.86 
352.52 
352.04 
354.10 
358.06 
359.21 
357.48 
351.88 
349.68 
348.13 
348.17 
344.61 
342.29 
341.11 
339.42 
347.22 
346.23 
343.61 
336.09 
340.42 
336.16 
331.78 
333.70 
336.34 
331.57 
338.40 
335.56 
334.19 
327.29 
327.15 
322.50 
328.15 
332.45 
331.06 
329.33 
330.39 
324.75 
332.08 
327.01 
312.99 
300.53 
310.44 
317.78 
317.13 
319.00 
320.23 
318.43 
318.70 
317.13 
312.73 
305.72 
308.24 
306.78 
301.41 
301.46 
302.66 
297.64 
291.85 
297.43 
295.95 
296.50 
293.75 
296.00 
298.59 
303.24 
299.26 
280.49 
261.55 
266.97 
270.79 
277.59 
284.00 
286.27 
282.99 
276.34 
267.11 
273.98 
271.76 
268.24 
261.06 
257.45 
257.31 
257.55 
255.60 
252.96 
253.15 
253.13 
255.44 
252.66 
253.70 
248.33 
244.33 
246.83 
242.45 
239.42 
242.75 
236.57 
235.86 
229.31 
227.52 
229.81 
229.31 
230.88 
223.73 
219.17 
219.10 
219.81 
215.95 
212.78 
213.33 
213.63 
214.28 
208.77 
211.62 
207.75 
206.78 
204.38 
201.18 
202.27 
200.02 
199.56 
197.64 
201.41 
201.60 
199.77 
193.36 
190.49 
188.63 
189.68 
184.61 
183.59 
182.36 
177.01 
175.95 
176.16 
174.93 
176.88 
170.72 
165.60 
166.50 
168.89 
171.02 
172.73 
170.63 
170.58 
169.98 
169.70 
169.10 
165.51 
168.13 
168.77 
162.89 
155.14 
159.07 
159.40 
159.51 
158.47 
162.11 
160.05 
156.27 
156.44 
151.81 
154.84 
154.58 
143.15 
152.85 
154.10 
154.81 
145.58 
155.12 
155.25 
152.45 
153.96 
153.31 
153.10 
159.68 
156.97 
158.24 
157.66 
162.87 
159.81 
155.97 
162.57 
161.71 
162.55 
161.83 
167.94 
167.41 
167.82 
168.22 
166.69 
170.14 
170.23 
173.08 
171.00 
162.55 
164.58 
169.49 
171.30 
173.52 
178.06 
177.06 
180.19 
184.10 
182.22 
190.25 
190.37 
188.19 
192.71 
191.18 
190.44 
189.00 
193.03 
197.29 
201.00 
206.39 
201.27 
205.58 
205.97 
213.01 
212.73 
212.13 
214.91 
213.84 
218.50 
222.08 
220.56 
224.65 
228.10 
225.65 
230.72 
223.50 
227.92 
232.57 
233.31 
231.53 
241.04 
246.09 
242.94 
253.94 
250.83 
254.84 
261.30 
258.56 
258.24 
259.77 
257.52 
254.05 
265.51 
268.91 
267.96 
262.38 
271.71 
263.03 
266.09 
273.17 
273.08 
262.69 
268.59 
276.67 
273.22 
278.96 
284.17 
287.71 
293.08 
289.88 
300.63 
300.81 
296.04 
308.70 
298.91 
298.56 
309.54 
316.09 
317.18 
318.45 
314.98 
322.57 
304.42 
310.49 
325.28 
315.09 
309.51 
305.67 
308.33 
307.45 
315.88 
314.47 
311.13 
334.12 
323.80 
323.82 
324.91 
323.56 
329.93 
346.37 
342.36 
347.64 
338.66 
344.24 
334.72 
324.26 
339.81 
335.95 
338.54 
342.80 
343.10 
352.04 
348.61 
344.44 
348.29 
360.51 
363.73 
363.19 
365.28 
358.17 
353.40 
349.42 
359.31 
359.95 
356.02 
347.41 
356.23 
341.48 
339.21 
348.70 
344.88 
346.41 
347.57 
353.03 
345.90 
339.38 
351.55 
353.54 
355.09 
359.07 
351.74 
355.12 
361.92 
359.28 
348.66 
341.94 
340.44 
353.87 
348.26 
365.88 
363.43 
356.67 
357.48 
364.38 
368.13 
367.43 
363.59 
361.60 
355.69 
356.23 
353.03 
353.26 
346.25 
341.94 
347.08 
346.32 
349.49 
350.97 
353.15 
348.56 
346.64 
356.30 
350.39 
352.20 
348.17 
342.96 
335.25 
342.52 
339.79 
338.84 
336.99 
333.59 
337.11 
334.12 
338.31 
347.92 
357.34 
352.96 
358.22 
355.32 
343.43 
323.31 
316.88 
318.63 
341.81 
344.26 
343.77 
340.72 
336.13 
333.96 
321.85 
311.88 
304.05 
317.27 
314.77 
313.50 
307.36 
304.14 
324.21 
328.24 
314.26 
309.12 
305.51 
299.68 
312.57 
315.56 
306.09 
304.05 
299.54 
299.19 
306.06 
292.04 
301.94 
299.54 
303.03 
304.95 
306.44 
289.05 
279.49 
284.07 
280.69 
281.53 
284.42 
283.66 
287.66 
283.38 
275.93 
284.61 
283.45 
284.70 
279.05 
276.62 
272.52 
274.93 
281.25 
278.91 
266.88 
255.49 
251.37 
258.54 
260.76 
262.89 
261.97 
262.18 
258.98 
256.06 
251.92 
245.86 
248.33 
247.43 
241.83 
236.16 
243.43 
247.73 
242.20 
237.96 
232.80 
233.22 
237.57 
235.23 
231.39 
227.87 
226.13 
224.00 
224.12 
219.12 
217.64 
217.41 
210.65 
216.97 
213.91 
204.40 
202.38 
205.44 
203.26 
202.52 
200.81 
201.76 
203.08 
197.43 
196.13 
194.58 
189.03 
192.04 
186.83 
188.54 
189.58 
178.61 
178.31 
180.90 
180.00 
178.80 
181.67 
180.53 
180.02 
175.53 
175.39 
175.65 
171.97 
170.00 
171.60 
173.03 
169.24 
169.79 
166.00 
170.63 
169.40 
167.25 
161.16 
159.17 
157.94 
158.17 
149.70 
156.39 
158.87 
155.32 
153.89 
159.33 
160.67 
156.06 
158.94 
155.42 
156.04 
155.16 
152.25 
153.38 
151.53 
154.49 
153.22 
154.33 
155.37 
153.24 
152.55 
152.71 
149.38 
148.47 
156.57 
153.96 
159.26 
159.56 
156.67 
159.42 
160.37 
157.59 
161.57 
162.66 
162.52 
162.34 
165.63 
166.41 
163.22 
166.67 
168.31 
171.92 
173.19 
174.03 
175.46 
176.04 
175.46 
181.90 
184.49 
182.89 
185.53 
178.45 
188.63 
187.52 
188.26 
186.48 
186.30 
190.56 
193.59 
195.46 
196.06 
196.30 
196.37 
203.47 
207.38 
208.33 
213.91 
212.71 
209.44 
217.62 
216.64 
215.30 
223.84 
228.43 
232.41 
235.86 
235.74 
236.37 
240.49 
238.06 
243.47 
243.43 
240.83 
243.29 
245.02 
247.13 
244.14 
257.31 
259.28 
256.20 
252.15 
253.66 
260.65 
261.09 
265.90 
263.52 
272.80 
261.37 
266.83 
276.00 
281.88 
272.85 
277.59 
283.73 
280.86 
283.31 
271.48 
284.14 
286.92 
288.89 
299.33 
300.28 
303.13 
302.27 
303.40 
293.75 
292.52 
300.90 
294.21 
275.07 
290.09 
280.00 
277.82 
299.33 
304.10 
310.07 
299.56 
314.03 
319.72 
328.52 
331.16 
328.52 
337.92 
324.24 
312.31 
314.44 
328.70 
333.29 
324.03 
313.29 
312.34 
329.12 
339.84 
336.64 
349.58 
345.21 
342.34 
332.08 
347.52 
351.94 
344.03 
334.21 
339.17 
341.81 
349.81 
346.48 
351.04 
354.77 
363.80 
339.24 
348.96 
357.75 
354.12 
359.03 
349.35 
330.76 
332.34 
351.74 
360.72 
360.58 
353.50 
353.70 
349.19 
348.56 
345.93 
339.03 
360.74 
356.53 
356.20 
347.41 
350.95 
343.87 
347.87 
354.93 
354.44 
344.38 
347.08 
349.88 
347.71 
364.91 
344.91 
341.27 
343.15 
352.55 
365.00 
356.30 
365.46 
367.78 
373.19 
368.84 
360.74 
361.37 
362.25 
358.50 
354.28 
353.75 
352.06 
344.75 
343.08 
349.58 
351.09 
353.77 
356.99 
353.45 
353.52 
357.31 
356.04 
353.01 
351.30 
350.39 
355.16 
346.13 
355.00 
340.74 
354.61 
355.60 
356.64 
358.70 
349.21 
346.74 
341.71 
340.83 
336.39 
331.57 
342.41 
343.75 
336.53 
339.35 
345.65 
335.30 
331.67 
320.28 
321.00 
322.15 
321.81 
321.00 
323.54 
320.76 
318.29 
317.06 
322.96 
325.58 
312.06 
313.70 
302.43 
313.31 
307.34 
310.25 
308.84 
306.48 
288.77 
299.77 
298.94 
301.25 
301.16 
303.66 
302.71 
302.22 
301.09 
297.34 
298.45 
289.68 
299.00 
286.55 
287.87 
292.66 
296.97 
291.18 
287.41 
285.69 
288.13 
295.46 
292.66 
290.25 
281.34 
281.44 
285.93 
283.98 
284.07 
276.44 
271.50 
263.19 
260.00 
251.00 
254.12 
257.69 
255.79 
246.11 
247.31 
253.73 
248.61 
249.31 
238.91 
228.10 
237.25 
236.30 
233.54 
232.75 
236.23 
228.01 
227.64 
227.22 
226.44 
223.40 
223.80 
223.66 
224.61 
225.19 
209.95 
214.51 
219.77 
220.83 
221.53 
213.31 
209.63 
207.45 
211.97 
208.75 
207.85 
207.34 
204.86 
203.13 
201.25 
197.43 
194.77 
195.76 
194.03 
186.34 
184.07 
181.92 
179.17 
181.39 
187.20 
181.78 
176.02 
179.24 
177.66 
173.36 
174.91 
169.68 
169.00 
167.38 
168.94 
167.22 
163.33 
161.34 
167.96 
161.34 
161.60 
159.28 
164.17 
161.25 
156.97 
158.40 
159.93 
162.25 
159.17 
158.75 
159.21 
162.59 
157.57 
160.58 
159.38 
160.58 
154.86 
157.78 
158.29 
157.59 
160.37 
158.84 
157.38 
156.02 
155.93 
156.46 
152.80 
154.61 
152.94 
159.51 
151.64 
150.00 
154.00 
155.93 
158.19 
160.07 
162.06 
161.27 
164.05 
166.09 
166.02 
164.21 
161.11 
164.28 
168.26 
170.12 
165.14 
169.33 
167.04 
170.02 
168.54 
170.60 
177.50 
180.76 
181.64 
180.93 
177.96 
182.99 
176.67 
180.42 
190.30 
190.07 
190.76 
188.45 
191.81 
195.05 
203.13 
204.31 
205.35 
202.43 
203.63 
201.11 
204.07 
203.29 
208.52 
212.22 
216.67 
216.76 
217.69 
212.04 
214.54 
214.91 
223.15 
225.35 
231.90 
233.36 
230.76 
229.10 
234.44 
240.28 
236.34 
241.81 
248.70 
253.13 
247.41 
237.48 
239.93 
245.65 
251.32 
257.25 
255.65 
254.51 
263.52 
258.47 
267.69 
267.41 
267.27 
268.06 
276.64 
277.75 
273.84 
273.87 
274.56 
285.81 
288.66 
288.61 
293.80 
292.45 
292.52 
289.33 
290.16 
297.73 
295.56 
281.37 
288.96 
293.61 
307.52 
315.37 
317.78 
322.15 
315.46 
317.22 
318.01 
304.10 
315.30 
313.63 
315.72 
323.75 
329.84 
327.31 
328.26 
326.57 
328.38 
315.02 
338.84 
323.03 
324.61 
325.23 
321.97 
310.09 
334.61 
340.30 
339.81 
341.60 
339.03 
329.58 
349.00 
331.16 
327.15 
326.16 
335.88 
347.87 
352.25 
356.13 
353.68 
352.50 
354.58 
346.23 
357.11 
353.40 
345.00 
343.56 
347.25 
338.13 
343.84 
351.41 
348.15 
348.33 
343.38 
348.59 
346.16 
353.29 
352.94 
354.86 
359.19 
360.67 
365.95 
361.92 
348.40 
351.25 
351.64 
359.72 
359.84 
360.63 
359.58 
354.40 
350.19 
335.49 
348.73 
362.50 
365.12 
354.72 
350.39 
356.74 
356.99 
361.34 
362.41 
359.28 
356.83 
358.77 
358.06 
364.61 
350.42 
353.10 
355.72 
359.84 
364.00 
357.18 
364.84 
369.91 
370.23 
363.24 
353.47 
340.56 
329.03 
337.75 
350.44 
340.25 
351.18 
352.43 
350.28 
349.05 
347.87 
344.05 
338.01 
336.02 
340.00 
342.50 
345.46 
346.60 
341.18 
334.84 
329.84 
331.57 
328.17 
344.63 
340.19 
341.11 
342.59 
331.83 
321.04 
321.46 
326.76 
323.08 
333.80 
330.35 
334.00 
320.25 
311.69 
317.25 
317.48 
322.27 
323.17 
312.89 
319.86 
318.52 
324.77 
321.02 
309.72 
312.52 
306.97 
306.48 
297.45 
301.18 
315.42 
307.85 
304.47 
301.76 
304.51 
306.16 
303.94 
296.11 
282.11 
288.01 
287.01 
288.17 
293.98 
290.76 
287.31 
279.65 
275.23 
272.25 
272.15 
272.34 
275.58 
272.13 
267.04 
262.22 
262.66 
261.74 
250.16 
262.04 
257.78 
256.53 
261.85 
255.95 
255.02 
251.50 
254.21 
253.36 
247.78 
250.83 
246.23 
239.42 
236.83 
235.39 
235.90 
238.43 
234.79 
234.17 
231.32 
227.71 
223.68 
221.09 
225.72 
220.95 
218.70 
222.85 
229.24 
215.44 
211.55 
207.78 
205.72 
207.13 
210.58 
204.81 
201.67 
196.32 
197.38 
197.22 
195.30 
193.13 
199.07 
197.64 
196.00 
192.55 
192.01 
185.93 
182.20 
178.36 
177.36 
181.97 
182.78 
178.54 
180.25 
175.51 
173.96 
170.72 
168.38 
175.95 
174.14 
171.18 
163.33 
169.05 
167.08 
165.58 
161.57 
159.54 
161.02 
163.89 
163.36 
158.03 
159.63 
150.23 
155.88 
159.61 
160.76 
160.14 
155.60 
158.91 
157.31 
153.06 
156.94 
154.65 
154.81 
155.35 
152.99 
154.24 
155.23 
150.76 
156.60 
155.07 
156.18 
155.88 
157.57 
159.95 
156.44 
155.46 
154.86 
155.21 
159.03 
160.51 
163.36 
161.44 
162.20 
165.63 
163.84 
162.52 
163.38 
164.10 
158.61 
162.11 
164.14 
165.12 
169.61 
172.71 
173.24 
173.22 
179.26 
178.84 
179.70 
178.45 
172.22 
177.75 
176.55 
182.66 
185.79 
191.04 
192.20 
188.33 
194.38 
200.97 
202.92 
203.54 
207.43 
200.81 
203.68 
210.72 
209.75 
209.54 
214.24 
214.81 
217.25 
220.00 
222.80 
223.31 
226.74 
225.30 
233.70 
234.00 
233.89 
239.44 
239.31 
233.66 
235.72 
237.62 
241.39 
244.93 
239.79 
251.74 
250.58 
253.54 
250.88 
251.92 
257.85 
257.71 
265.58 
263.75 
272.69 
275.30 
276.94 
278.19 
276.85 
274.07 
272.89 
273.94 
276.57 
276.78 
280.79 
283.08 
293.73 
284.54 
279.33 
277.43 
285.39 
290.95 
289.79 
292.27 
296.02 
297.80 
305.14 
306.78 
301.02 
300.90 
303.17 
313.80 
311.92 
312.82 
319.19 
324.21 
315.19 
318.15 
314.33 
325.30 
328.17 
319.21 
315.67 
314.70 
322.15 
322.06 
320.69 
313.29 
316.34 
314.70 
325.74 
328.77 
329.49 
332.80 
333.91 
335.02 
340.79 
346.90 
340.69 
349.28 
352.85 
348.84 
346.88 
345.97 
339.07 
347.27 
349.95 
346.23 
357.01 
349.79 
355.86 
356.78 
364.72 
364.86 
359.33 
345.60 
342.89 
343.26 
347.87 
351.20 
363.38 
366.44 
363.73 
357.41 
363.84 
360.39 
363.03 
355.19 
366.18 
367.85 
340.35 
353.40 
355.19 
355.42 
353.03 
354.54 
352.57 
360.79 
350.02 
350.93 
353.80 
348.15 
354.93 
349.65 
348.96 
355.09 
353.54 
350.21 
354.93 
353.29 
353.47 
352.04 
342.01 
348.54 
348.61 
354.91 
357.15 
359.07 
349.98 
345.12 
341.37 
342.92 
344.31 
350.05 
352.13 
341.46 
353.03 
349.40 
352.06 
349.56 
348.06 
342.94 
353.13 
351.16 
340.56 
336.02 
340.65 
339.05 
339.24 
334.61 
339.19 
342.36 
349.49 
340.46 
337.57 
336.71 
330.35 
332.06 
336.76 
332.18 
333.98 
330.58 
328.10 
322.96 
317.66 
329.33 
332.89 
329.56 
327.55 
329.58 
313.36 
313.22 
309.54 
315.53 
319.10 
316.48 
318.89 
317.27 
316.64 
312.71 
309.84 
312.80 
315.93 
315.44 
310.19 
312.34 
314.93 
309.35 
285.46 
289.75 
279.61 
285.86 
292.36 
292.36 
288.84 
290.12 
283.77 
278.01 
278.17 
270.93 
276.69 
278.47 
280.90 
279.44 
277.75 
273.80 
270.23 
272.52 
271.67 
272.43 
265.16 
265.63 
263.33 
266.04 
255.44 
264.75 
259.70 
252.15 
252.08 
248.17 
248.45 
250.63 
242.25 
231.41 
230.07 
228.63 
233.84 
231.27 
230.09 
234.56 
229.35 
232.69 
230.39 
231.11 
228.70 
228.15 
226.25 
223.01 
222.87 
220.00 
220.46 
212.43 
214.28 
214.88 
212.36 
212.20 
209.07 
204.51 
208.19 
200.00 
198.73 
199.51 
197.22 
195.32 
192.80 
194.10 
192.82 
193.26 
184.35 
189.10 
187.48 
184.86 
179.49 
175.88 
171.55 
172.89 
168.50 
170.07 
175.81 
177.62 
176.32 
175.14 
172.57 
167.55 
169.17 
164.58 
166.71 
163.96 
160.69 
161.67 
160.09 
161.78 
163.36 
158.70 
157.85 
162.55 
160.35 
160.69 
158.22 
156.25 
156.50 
157.13 
158.80 
156.71 
158.54 
156.88 
155.67 
154.70 
151.06 
157.01 
158.70 
160.37 
163.94 
160.69 
161.39 
157.66 
158.98 
160.16 
159.79 
162.08 
163.38 
164.14 
164.12 
163.38 
163.70 
162.11 
165.97 
164.33 
161.90 
166.55 
164.77 
165.72 
166.18 
170.67 
172.18 
170.74 
171.44 
174.40 
175.58 
177.29 
178.96 
178.26 
182.92 
182.20 
184.49 
179.58 
187.31 
189.21 
190.25 
196.46 
190.72 
195.28 
198.08 
201.97 
206.09 
207.04 
206.48 
207.08 
205.02 
194.77 
206.23 
214.81 
210.05 
210.67 
217.22 
222.36 
224.58 
223.75 
221.11 
230.05 
234.51 
234.19 
237.18 
238.03 
238.50 
241.16 
243.29 
249.10 
249.72 
242.36 
247.45 
255.76 
249.47 
248.98 
258.87 
261.06 
268.84 
271.37 
263.77 
262.87 
267.45 
264.24 
276.02 
278.43 
261.83 
277.92 
275.28 
276.44 
277.48 
262.55 
275.69 
276.34 
282.06 
285.88 
286.25 
280.74 
276.55 
291.37 
302.94 
296.18 
300.39 
304.21 
304.12 
300.35 
293.61 
314.61 
317.06 
319.81 
307.34 
304.63 
306.85 
307.06 
299.40 
316.81 
324.81 
313.54 
308.31 
306.41 
313.26 
317.45 
326.25 
328.75 
331.20 
339.54 
351.16 
343.31 
342.06 
337.38 
328.31 
337.22 
335.14 
335.46 
336.06 
342.48 
323.68 
345.09 
345.49 
344.98 
346.09 
331.94 
341.90 
350.14 
337.92 
346.25 
355.79 
352.41 
352.57 
360.19 
357.43 
349.93 
363.96 
365.83 
359.79 
359.03 
345.00 
362.48 
355.93 
347.38 
352.57 
358.73 
367.71 
363.26 
352.55 
352.43 
351.32 
337.99 
354.58 
357.73 
361.11 
353.56 
350.90 
355.53 
361.44 
355.86 
354.33 
353.47 
360.30 
355.28 
361.50 
362.99 
351.11 
358.70 
363.22 
362.89 
355.97 
348.94 
352.13 
355.21 
350.83 
355.69 
354.33 
351.62 
356.92 
354.51 
355.67 
352.36 
346.67 
348.73 
346.69 
354.00 
353.31 
350.58 
348.68 
344.21 
336.57 
336.71 
333.15 
343.91 
348.56 
347.48 
341.27 
334.17 
333.80 
345.39 
343.06 
341.85 
343.01 
343.59 
339.95 
339.07 
338.52 
330.37 
328.59 
331.16 
331.92 
324.77 
338.22 
337.48 
329.38 
316.90 
308.75 
312.92 
306.57 
315.60 
316.32 
327.36 
320.83 
310.14 
314.00 
314.51 
316.57 
308.80 
313.61 
311.64 
320.09 
314.56 
307.62 
304.95 
299.72 
300.51 
292.01 
303.29 
300.25 
297.66 
293.22 
288.61 
292.34 
293.59 
292.71 
282.87 
287.27 
282.27 
281.34 
284.54 
285.00 
279.26 
265.63 
264.24 
273.40 
272.15 
267.11 
259.07 
259.47 
268.87 
263.94 
261.94 
259.14 
257.92 
260.23 
258.45 
260.79 
259.12 
253.33 
255.05 
251.11 
252.87 
253.22 
251.16 
247.57 
245.25 
241.88 
234.47 
239.40 
234.44 
232.52 
231.62 
231.30 
228.40 
226.76 
226.34 
223.33 
219.88 
223.45 
219.86 
216.30 
208.98 
208.43 
208.54 
212.62 
207.34 
197.36 
204.42 
206.74 
201.44 
199.10 
196.69 
194.24 
194.14 
196.00 
191.06 
190.02 
185.39 
187.13 
186.37 
182.18 
182.13 
180.63 
178.89 
173.43 
171.69 
176.74 
177.55 
173.52 
175.12 
175.09 
167.48 
167.75 
164.81 
164.56 
162.04 
161.25 
159.65 
164.81 
160.53 
167.45 
167.48 
164.05 
162.89 
159.17 
153.26 
150.83 
157.15 
154.77 
158.22 
151.64 
156.88 
159.07 
158.50 
162.20 
160.39 
157.41 
154.56 
158.77 
157.82 
157.48 
158.50 
155.44 
160.88 
161.50 
157.57 
159.05 
160.35 
161.85 
157.18 
158.31 
158.40 
164.07 
162.48 
160.72 
160.00 
157.80 
158.66 
162.27 
164.38 
164.84 
165.39 
165.79 
168.06 
171.25 
165.46 
165.79 
167.85 
166.30 
166.83 
177.06 
179.26 
179.95 
178.24 
180.25 
183.82 
184.81 
193.29 
187.94 
184.86 
185.37 
190.37 
191.74 
196.53 
201.53 
202.82 
203.40 
202.64 
204.44 
203.10 
212.29 
211.32 
212.57 
219.10 
218.13 
215.42 
210.81 
217.66 
220.39 
227.43 
229.98 
235.63 
235.51 
238.26 
237.04 
237.82 
243.98 
243.03 
247.06 
252.31 
247.92 
245.32 
250.90 
239.95 
249.98 
253.75 
257.80 
246.37 
254.28 
260.00 
268.94 
269.07 
274.10 
284.31 
279.65 
272.94 
261.78 
275.69 
277.36 
281.30 
290.88 
285.72 
288.75 
280.35 
281.32 
281.41 
287.78 
286.20 
286.20 
295.65 
288.63 
291.02 
295.95 
304.93 
310.93 
305.19 
308.70 
323.17 
322.38 
322.13 
318.33 
315.49 
321.78 
317.38 
320.35 
320.86 
332.73 
325.65 
319.44 
309.98 
302.41 
322.31 
328.03 
332.41 
331.99 
338.40 
344.91 
341.64 
336.55 
332.89 
326.06 
335.30 
340.30 
351.16 
348.96 
349.05 
343.47 
343.98 
330.44 
353.15 
354.31 
349.95 
341.85 
337.41 
352.01 
354.19 
367.04 
365.14 
349.95 
339.49 
334.47 
357.87 
357.45 
353.89 
356.30 
360.28 
357.31 
351.55 
344.10 
357.41 
362.89 
361.81 
356.18 
359.68 
361.97 
361.71 
361.64 
356.27 
361.16 
354.65 
363.59 
364.17 
359.12 
359.98 
354.54 
358.96 
363.82 
362.45 
349.93 
357.89 
357.25 
355.60 
363.08 
356.46 
354.75 
356.25 
354.05 
362.31 
357.66 
352.69 
345.42 
342.96 
330.35 
336.81 
345.65 
339.70 
349.03 
352.73 
348.66 
347.69 
333.29 
335.46 
345.60 
339.05 
342.31 
346.25 
347.25 
340.39 
341.94 
339.84 
336.18 
337.78 
342.48 
344.49 
333.56 
338.36 
332.08 
335.09 
322.18 
329.47 
338.10 
337.66 
334.12 
333.13 
340.05 
337.45 
338.40 
338.10 
346.69 
342.89 
337.48 
327.85 
319.54 
312.69 
308.40 
302.41 
308.56 
310.88 
320.90 
320.74 
323.84 
318.31 
316.04 
317.73 
319.70 
315.51 
326.00 
321.62 
317.08 
309.77 
304.75 
292.06 
293.01 
285.16 
276.13 
259.44 
264.33 
269.81 
286.46 
294.19 
300.79 
297.55 
289.63 
286.37 
275.46 
281.25 
285.51 
284.00 
277.94 
275.35 
273.50 
273.03 
270.83 
266.06 
262.41 
264.63 
263.94 
259.40 
258.03 
258.22 
246.67 
257.73 
258.15 
256.90 
253.17 
253.96 
254.65 
254.03 
252.55 
244.19 
241.32 
234.91 
233.73 
234.58 
232.52 
231.11 
238.52 
233.50 
229.88 
227.52 
224.31 
217.69 
215.32 
217.64 
213.08 
212.89 
214.91 
211.62 
206.23 
210.09 
211.11 
209.91 
210.39 
208.24 
202.82 
197.11 
199.95 
196.83 
194.88 
195.28 
188.26 
196.13 
187.87 
194.10 
191.57 
183.52 
187.50 
184.00 
181.53 
182.96 
182.43 
180.90 
179.14 
179.61 
174.63 
175.14 
171.04 
167.87 
168.82 
168.87 
165.97 
167.20 
159.79 
162.66 
159.91 
158.13 
163.52 
158.56 
158.82 
155.32 
154.12 
153.26 
151.16 
147.48 
154.95 
155.00 
155.00 
155.83 
154.42 
147.85 
149.63 
150.21 
150.63 
152.96 
152.92 
152.38 
152.20 
150.35 
152.01 
149.38 
150.88 
156.41 
153.54 
155.49 
155.76 
156.41 
155.97 
157.20 
155.90 
155.16 
158.75 
157.27 
159.93 
160.86 
161.41 
162.75 
161.99 
164.31 
166.74 
169.51 
174.88 
174.95 
170.72 
174.19 
177.64 
180.23 
180.09 
182.45 
182.64 
187.08 
184.26 
186.41 
184.05 
191.37 
194.33 
198.50 
195.67 
196.13 
197.41 
197.96 
202.52 
198.89 
199.88 
200.72 
197.31 
211.85 
210.56 
211.76 
213.59 
214.72 
213.36 
218.19 
219.79 
224.77 
225.76 
230.23 
233.31 
234.26 
228.45 
227.64 
233.66 
235.81 
245.44 
239.77 
245.14 
242.69 
248.38 
250.25 
247.52 
254.26 
253.87 
252.38 
248.47 
264.72 
266.83 
262.27 
268.70 
276.46 
278.94 
270.93 
274.58 
276.57 
278.66 
278.03 
279.93 
266.39 
274.84 
281.06 
290.23 
288.59 
278.59 
277.75 
281.83 
281.90 
294.33 
304.35 
312.64 
299.28 
302.75 
287.73 
289.38 
288.22 
295.76 
299.19 
308.52 
314.49 
314.35 
303.10 
308.70 
314.81 
320.00 
316.99 
320.65 
328.22 
334.61 
329.19 
336.44 
336.46 
333.70 
333.36 
337.59 
341.62 
340.28 
332.57 
329.79 
330.32 
328.68 
333.38 
337.04 
340.65 
347.18 
347.11 
344.03 
348.59 
347.13 
350.88 
347.01 
351.69 
354.14 
350.02 
355.90 
357.04 
359.61 
353.26 
360.02 
349.40 
352.66 
337.41 
336.00 
330.69 
350.16 
352.01 
357.36 
350.51 
345.23 
347.92 
354.07 
350.79 
346.88 
350.83 
347.80 
356.83 
361.04 
362.82 
365.69 
357.87 
361.11 
356.67 
356.81 
357.78 
364.17 
347.48 
351.20 
355.05 
344.14 
353.50 
353.84 
344.40 
356.53 
356.85 
345.00 
355.93 
359.63 
356.02 
352.80 
354.95 
359.95 
362.96 
359.75 
359.79 
360.76 
358.50 
354.49 
337.62 
346.09 
353.24 
348.52 
352.18 
350.53 
349.72 
340.74 
345.86 
345.44 
338.80 
327.71 
337.15 
336.13 
335.05 
345.93 
348.24 
345.76 
344.61 
344.58 
340.07 
333.38 
337.11 
342.29 
333.06 
343.68 
342.50 
341.06 
330.58 
325.88 
325.02 
327.43 
325.53 
328.63 
328.61 
329.79 
326.18 
306.83 
312.11 
315.14 
311.55 
308.73 
313.70 
322.45 
324.79 
317.29 
319.26 
318.31 
316.57 
310.35 
306.64 
306.94 
296.81 
301.39 
302.31 
299.98 
292.71 
306.34 
310.65 
309.84 
303.06 
292.36 
289.79 
290.35 
291.16 
286.57 
284.24 
283.87 
290.49 
292.99 
285.83 
279.19 
277.25 
274.70 
271.97 
268.75 
265.23 
272.89 
267.27 
269.91 
263.33 
266.25 
265.81 
255.39 
256.20 
255.23 
254.42 
251.57 
251.99 
252.36 
250.05 
248.50 
240.58 
240.46 
240.28 
241.78 
237.96 
234.40 
235.58 
236.78 
231.83 
230.53 
234.49 
227.62 
225.35 
230.30 
227.06 
226.83 
225.23 
218.06 
219.26 
216.71 
218.91 
210.58 
206.46 
205.60 
203.45 
206.37 
203.63 
201.97 
199.86 
197.89 
195.42 
189.10 
193.38 
196.48 
192.29 
196.13 
185.95 
188.33 
184.58 
182.06 
188.38 
181.64 
181.11 
178.73 
176.81 
176.39 
171.62 
176.25 
173.54 
169.86 
174.56 
170.79 
170.56 
169.84 
168.84 
166.13 
172.01 
168.56 
167.20 
167.04 
163.77 
162.27 
159.72 
157.50 
157.15 
161.04 
158.19 
157.85 
157.89 
161.55 
157.31 
155.25 
154.61 
152.99 
153.68 
160.74 
160.32 
160.49 
158.40 
158.29 
153.91 
159.05 
156.25 
157.31 
158.45 
159.61 
163.03 
159.31 
158.77 
153.10 
156.41 
157.87 
162.52 
161.02 
164.24 
164.14 
162.62 
160.72 
165.53 
172.20 
164.44 
169.93 
172.55 
168.31 
170.49 
172.41 
176.64 
182.45 
183.91 
186.13 
187.41 
187.29 
186.32 
183.19 
189.68 
190.32 
196.06 
196.85 
197.08 
193.56 
200.88 
200.28 
203.15 
201.34 
205.49 
214.40 
213.52 
211.04 
215.42 
214.70 
212.57 
220.86 
223.19 
221.69 
220.83 
227.75 
233.29 
232.22 
232.92 
237.78 
236.25 
242.01 
237.36 
241.13 
247.52 
247.73 
246.02 
249.91 
250.88 
250.21 
247.22 
258.66 
250.93 
260.49 
250.25 
247.80 
250.49 
257.36 
251.04 
261.09 
254.79 
267.15 
274.91 
281.16 
286.71 
280.07 
283.54 
281.09 
286.25 
293.77 
282.85 
292.45 
291.20 
294.77 
290.12 
295.79 
289.61 
294.26 
304.14 
308.08 
301.85 
313.26 
315.35 
313.31 
311.90 
313.31 
304.56 
296.97 
306.50 
323.47 
323.03 
321.37 
327.75 
330.72 
320.28 
322.43 
315.07 
315.67 
318.70 
330.67 
335.28 
342.59 
337.04 
341.02 
331.64 
334.86 
330.16 
330.12 
330.05 
340.72 
336.25 
337.38 
341.92 
332.94 
345.25 
348.06 
356.94 
352.62 
343.96 
344.93 
354.26 
353.98 
354.40 
362.50 
361.83 
365.46 
358.13 
356.71 
357.31 
351.78 
354.77 
350.63 
355.07 
349.44 
346.11 
348.98 
359.44 
361.53 
361.50 
359.72 
360.60 
357.89 
352.34 
347.34 
354.44 
359.19 
369.33 
380.28 
380.30 
365.79 
354.12 
357.41 
353.31 
353.91 
351.48 
353.52 
348.22 
360.90 
366.60 
361.69 
356.55 
354.70 
352.15 
357.41 
358.63 
356.53 
344.35 
349.68 
344.93 
351.09 
347.96 
353.84 
355.83 
350.83 
339.42 
344.93 
353.22 
354.70 
347.80 
351.62 
351.11 
349.49 
352.64 
345.14 
343.54 
344.10 
350.25 
347.50 
342.87 
340.49 
339.79 
339.63 
343.68 
344.19 
348.96 
350.14 
353.87 
351.60 
348.94 
347.36 
346.27 
339.70 
335.39 
333.43 
325.69 
340.90 
339.77 
337.22 
323.96 
326.11 
324.54 
325.30 
326.41 
323.33 
319.03 
318.96 
319.93 
311.16 
309.49 
306.50 
307.48 
300.81 
306.94 
304.86 
312.62 
304.28 
311.81 
307.96 
305.16 
299.81 
284.14 
287.38 
281.16 
289.81 
296.67 
296.32 
291.34 
299.70 
297.31 
297.92 
298.19 
293.38 
289.28 
282.06 
272.27 
264.24 
276.20 
272.45 
272.50 
273.56 
272.85 
263.89 
263.84 
258.17 
250.67 
261.48 
257.59 
262.52 
258.87 
258.56 
253.73 
245.83 
250.46 
248.54 
245.95 
241.39 
252.82 
251.25 
248.15 
243.68 
239.40 
228.98 
219.95 
224.05 
221.50 
217.78 
216.94 
216.41 
215.12 
218.43 
216.74 
220.32 
219.63 
218.87 
209.81 
206.50 
202.57 
203.73 
200.30 
206.81 
204.93 
205.05 
202.64 
201.20 
195.88 
199.35 
195.21 
191.62 
190.37 
190.81 
185.88 
179.70 
170.81 
171.48 
179.86 
180.00 
182.69 
179.54 
175.09 
168.87 
173.98 
174.51 
168.89 
174.72 
171.46 
171.16 
170.12 
163.91 
163.52 
162.64 
161.53 
164.05 
164.63 
166.02 
159.21 
161.53 
156.67 
160.97 
160.44 
154.81 
160.74 
155.05 
159.81 
158.13 
155.00 
157.71 
157.48 
159.17 
156.00 
156.39 
151.62 
149.93 
151.94 
148.70 
147.08 
147.73 
146.90 
150.88 
152.75 
156.18 
157.85 
160.72 
162.99 
164.51 
163.50 
158.22 
161.88 
159.93 
166.11 
166.06 
166.30 
163.31 
166.09 
163.40 
168.77 
168.59 
168.43 
173.01 
172.04 
168.63 
178.70 
179.44 
181.97 
179.07 
180.44 
184.95 
185.97 
184.77 
188.77 
192.34 
192.66 
195.49 
197.89 
200.12 
198.94 
201.34 
193.98 
191.04 
202.64 
203.01 
203.84 
207.45 
206.50 
206.55 
215.42 
215.49 
217.87 
214.98 
223.70 
229.38 
222.22 
231.13 
230.12 
234.95 
233.08 
235.37 
235.86 
236.06 
240.97 
239.44 
245.30 
249.68 
251.34 
254.00 
256.06 
245.44 
258.91 
262.85 
268.03 
268.08 
265.28 
257.78 
267.62 
273.45 
270.37 
274.72 
273.43 
274.93 
278.98 
272.59 
278.36 
277.82 
285.28 
279.47 
284.14 
295.67 
298.70 
293.63 
294.26 
292.36 
294.61 
302.75 
300.93 
305.39 
308.75 
300.67 
300.74 
307.48 
306.37 
307.06 
305.44 
316.06 
319.38 
331.16 
322.92 
325.23 
329.88 
329.86 
326.46 
325.14 
328.50 
327.62 
340.37 
339.10 
339.31 
332.55 
341.62 
315.74 
312.20 
316.71 
325.69 
323.01 
332.38 
330.42 
327.52 
335.16 
339.70 
341.69 
344.40 
342.52 
333.68 
360.42 
357.85 
347.08 
338.52 
345.93 
348.63 
359.98 
364.28 
356.74 
357.80 
360.12 
360.46 
357.11 
362.94 
352.69 
360.02 
352.78 
351.44 
353.96 
359.79 
357.66 
368.19 
362.11 
363.33 
354.47 
345.02 
344.33 
345.19 
348.31 
345.79 
353.29 
351.76 
349.84 
351.46 
344.21 
364.24 
362.29 
362.38 
354.86 
340.44 
360.19 
358.73 
358.43 
354.17 
356.41 
361.37 
359.75 
362.27 
358.61 
355.74 
360.23 
362.45 
360.46 
358.01 
351.55 
354.44 
358.17 
351.94 
337.34 
350.67 
353.15 
357.45 
348.61 
356.37 
353.59 
354.75 
354.79 
348.43 
347.55 
348.33 
351.02 
343.89 
343.10 
344.98 
353.87 
358.75 
349.49 
343.82 
338.17 
331.55 
326.57 
329.75 
323.59 
318.59 
319.91 
321.90 
315.25 
310.07 
324.42 
322.99 
318.17 
321.92 
322.94 
318.06 
328.54 
328.50 
330.39 
319.35 
319.47 
319.98 
324.19 
324.54 
319.07 
315.93 
324.14 
323.50 
318.17 
316.60 
319.24 
315.37 
309.77 
294.00 
298.19 
305.49 
307.87 
307.29 
302.45 
301.09 
297.92 
286.09 
292.64 
290.83 
288.52 
287.62 
289.24 
287.25 
272.92 
270.49 
279.07 
279.00 
287.36 
280.83 
277.59 
268.45 
256.46 
258.77 
259.86 
264.33 
260.88 
262.01 
260.42 
265.46 
259.05 
253.54 
259.10 
256.53 
253.33 
251.44 
251.00 
248.75 
245.63 
243.43 
237.94 
226.97 
231.39 
230.42 
229.79 
227.06 
224.70 
219.51 
226.48 
222.71 
224.38 
223.50 
223.01 
220.28 
217.48 
217.38 
214.54 
214.26 
206.83 
197.92 
195.97 
191.13 
201.34 
201.90 
197.64 
198.33 
197.34 
193.98 
187.48 
189.68 
187.69 
185.81 
184.38 
182.11 
178.19 
184.75 
181.64 
182.59 
176.04 
173.15 
174.12 
178.38 
176.67 
172.11 
169.17 
172.75 
173.31 
173.59 
171.11 
170.28 
169.63 
166.97 
165.56 
162.38 
159.26 
160.74 
159.98 
157.57 
158.89 
158.68 
151.30 
154.47 
155.69 
157.80 
157.96 
156.64 
154.91 
156.13 
153.77 
151.13 
155.07 
151.85 
157.11 
153.36 
152.20 
156.32 
156.81 
155.28 
154.10 
155.07 
160.53 
159.35 
161.39 
154.47 
153.89 
157.43 
159.21 
157.69 
163.56 
162.75 
160.23 
162.75 
167.31 
166.64 
163.73 
169.77 
164.81 
170.58 
172.31 
169.49 
172.11 
174.54 
172.69 
180.53 
180.51 
181.69 
182.11 
185.51 
185.79 
185.51 
183.36 
187.89 
192.50 
190.65 
190.44 
193.22 
194.26 
191.90 
191.39 
193.73 
201.18 
205.32 
203.61 
209.47 
212.43 
215.46 
215.44 
214.63 
215.46 
228.08 
222.59 
224.91 
219.17 
224.79 
229.05 
235.35 
237.20 
235.67 
235.44 
238.01 
235.67 
236.20 
246.78 
247.69 
244.26 
248.89 
245.32 
257.73 
264.40 
262.25 
267.55 
264.79 
263.98 
269.88 
264.47 
259.77 
270.12 
272.82 
266.55 
260.67 
271.02 
283.98 
287.99 
280.30 
277.78 
276.90 
282.62 
284.38 
279.77 
284.72 
285.63 
299.38 
299.63 
292.22 
305.44 
310.44 
304.12 
297.99 
299.19 
313.80 
309.26 
310.58 
311.27 
302.62 
307.64 
316.81 
325.93 
322.94 
325.12 
316.25 
323.29 
335.88 
334.19 
329.00 
329.00 
324.35 
333.15 
332.62 
333.63 
340.69 
335.12 
337.25 
340.51 
337.94 
345.46 
336.11 
336.76 
352.04 
351.46 
352.59 
351.94 
352.57 
347.22 
350.81 
355.00 
339.84 
345.14 
340.02 
338.52 
339.47 
355.25 
352.50 
353.22 
344.24 
353.89 
358.66 
354.49 
350.86 
359.40 
356.64 
356.81 
361.04 
371.16 
361.37 
361.74 
357.13 
360.23 
360.16 
363.40 
361.53 
358.66 
359.33 
356.92 
354.26 
352.48 
347.31 
354.49 
350.79 
344.70 
358.13 
353.98 
363.54 
356.81 
361.13 
360.16 
353.47 
351.37 
352.29 
358.52 
355.93 
360.37 
361.16 
358.03 
351.09 
348.31 
347.43 
353.80 
355.90 
360.00 
369.10 
362.50 
353.84 
336.34 
354.95 
354.58 
359.88 
348.63 
348.61 
353.10 
352.85 
362.50 
363.91 
361.67 
346.85 
345.37 
345.46 
348.54 
349.70 
351.06 
352.20 
351.02 
339.98 
333.68 
327.94 
327.36 
326.41 
329.68 
333.45 
323.68 
326.18 
321.46 
326.85 
328.73 
327.13 
324.10 
319.26 
321.27 
331.11 
313.45 
329.00 
324.56 
309.40 
306.06 
312.13 
322.80 
320.93 
323.84 
317.75 
309.21 
313.61 
306.27 
311.44 
298.19 
291.34 
291.92 
290.97 
296.34 
296.02 
295.05 
288.26 
302.62 
299.33 
286.94 
278.61 
285.05 
293.52 
293.45 
290.32 
288.15 
285.44 
279.72 
278.43 
263.91 
274.00 
273.61 
274.54 
272.04 
262.94 
268.89 
257.55 
268.89 
265.23 
262.73 
259.33 
259.72 
257.94 
249.98 
255.35 
255.79 
253.36 
250.46 
250.69 
246.02 
243.80 
240.14 
243.36 
240.65 
244.00 
238.26 
235.21 
233.52 
228.56 
227.08 
221.37 
228.19 
224.31 
218.80 
216.11 
218.40 
215.12 
213.10 
207.59 
216.04 
215.88 
215.14 
209.77 
203.45 
203.66 
197.08 
195.86 
196.27 
189.24 
190.76 
193.50 
195.76 
195.86 
190.21 
186.13 
181.57 
187.62 
188.19 
185.72 
181.69 
182.82 
182.38 
181.83 
177.29 
176.48 
172.13 
172.06 
168.98 
173.70 
166.48 
161.99 
163.43 
165.44 
166.97 
166.92 
166.41 
162.01 
160.23 
155.49 
160.83 
159.51 
159.19 
153.89 
154.84 
156.74 
154.65 
154.77 
156.44 
155.93 
150.16 
153.80 
146.02 
150.74 
152.87 
157.87 
157.85 
156.06 
151.62 
160.30 
156.53 
157.27 
154.31 
149.61 
150.09 
153.01 
155.00 
159.70 
160.72 
161.78 
161.44 
163.38 
164.47 
164.31 
162.62 
166.23 
165.16 
167.94 
165.51 
165.37 
172.06 
171.94 
176.83 
176.69 
177.01 
174.91 
181.16 
180.46 
185.32 
178.17 
177.69 
181.74 
184.00 
184.17 
186.90 
185.83 
184.19 
187.59 
183.26 
186.00 
193.59 
196.55 
190.37 
195.25 
201.25 
205.76 
206.16 
202.41 
201.44 
208.66 
209.84 
217.64 
212.71 
214.75 
216.97 
214.28 
220.69 
213.63 
221.09 
228.87 
221.60 
235.63 
235.90 
245.02 
248.45 
250.25 
246.04 
246.62 
251.37 
254.75 
256.50 
256.99 
254.91 
251.67 
257.75 
261.78 
253.94 
253.36 
254.38 
263.38 
265.86 
275.95 
281.25 
281.53 
286.62 
284.26 
273.77 
272.45 
290.60 
294.26 
290.95 
296.46 
289.33 
285.09 
278.98 
283.82 
303.98 
301.60 
303.19 
291.37 
300.95 
298.01 
292.29 
292.75 
299.05 
313.26 
319.63 
308.38 
308.75 
307.80 
314.56 
324.28 
333.38 
334.65 
326.97 
328.54 
321.13 
311.78 
322.45 
332.89 
326.55 
321.32 
327.18 
338.56 
340.09 
335.21 
341.50 
341.32 
337.66 
344.49 
332.57 
324.10 
332.73 
336.30 
344.49 
348.01 
358.61 
353.06 
349.19 
342.08 
336.60 
349.75 
351.90 
358.68 
352.29 
353.43 
356.74 
349.33 
351.92 
369.35 
359.35 
351.85 
343.70 
353.66 
360.56 
356.62 
362.59 
363.98 
364.95 
363.82 
365.30 
365.60 
365.60 
360.23 
359.81 
349.86 
349.10 
350.74 
360.58 
356.16 
356.09 
362.59 
364.03 
362.71 
364.28 
359.70 
353.66 
358.15 
350.95 
346.34 
347.31 
355.74 
361.71 
357.36 
357.13 
359.70 
355.25 
345.60 
354.88 
351.27 
350.14 
350.58 
356.83 
348.47 
342.80 
353.22 
355.53 
354.17 
348.56 
352.64 
354.31 
349.21 
360.65 
347.69 
341.60 
342.82 
337.92 
348.24 
353.43 
347.87 
343.38 
348.75 
350.19 
352.13 
351.18 
350.69 
349.33 
339.72 
338.66 
334.00 
342.29 
342.55 
339.56 
334.70 
332.13 
330.51 
324.72 
326.20 
332.75 
328.59 
328.96 
327.20 
323.19 
320.12 
311.16 
321.78 
324.17 
313.45 
314.68 
313.84 
314.75 
311.44 
296.64 
302.20 
313.59 
306.44 
303.98 
295.51 
290.79 
303.77 
301.69 
296.74 
293.38 
289.72 
297.94 
296.02 
295.56 
294.51 
292.31 
291.30 
296.39 
292.29 
280.00 
280.97 
280.35 
278.03 
277.27 
269.28 
274.26 
271.57 
274.31 
269.35 
266.04 
266.46 
266.62 
266.55 
262.87 
258.70 
255.65 
253.89 
250.35 
252.06 
257.29 
253.63 
250.90 
243.61 
238.50 
241.37 
234.12 
235.95 
231.34 
231.30 
233.50 
233.08 
229.51 
231.32 
223.91 
224.68 
222.69 
221.30 
220.58 
214.84 
218.40 
220.37 
216.20 
205.53 
204.31 
205.81 
208.52 
207.71 
204.56 
196.04 
195.35 
194.84 
193.26 
195.95 
198.17 
189.86 
191.50 
187.80 
189.44 
191.09 
187.20 
186.60 
187.15 
185.00 
183.26 
181.90 
181.25 
179.00 
176.55 
177.18 
166.09 
162.64 
163.08 
163.89 
167.36 
169.58 
164.26 
156.13 
157.64 
160.88 
161.46 
161.50 
166.53 
161.20 
161.62 
159.03 
159.49 
159.03 
158.10 
158.24 
158.52 
156.41 
153.50 
150.60 
149.00 
155.09 
156.04 
155.23 
155.25 
151.44 
157.43 
154.65 
153.68 
152.36 
155.65 
159.38 
151.64 
156.04 
152.94 
158.73 
158.29 
159.72 
160.90 
155.00 
160.74 
165.00 
159.35 
163.52 
161.88 
163.91 
165.63 
167.29 
169.72 
171.18 
173.40 
172.82 
173.66 
173.59 
178.45 
181.44 
180.60 
179.58 
181.64 
183.15 
185.93 
185.02 
181.74 
180.56 
184.21 
191.25 
189.21 
191.85 
192.52 
198.24 
198.68 
202.92 
200.58 
194.00 
204.10 
206.34 
198.68 
206.62 
210.88 
217.55 
210.25 
217.25 
220.14 
218.36 
223.91 
226.55 
224.28 
221.69 
226.39 
230.76 
234.49 
226.74 
233.22 
236.90 
238.08 
243.63 
240.83 
244.00 
251.97 
250.86 
255.81 
249.14 
258.24 
258.33 
245.79 
259.86 
261.78 
264.58 
273.29 
277.73 
277.20 
276.97 
276.44 
280.09 
274.81 
286.99 
280.65 
294.40 
289.21 
292.45 
287.64 
286.64 
287.82 
293.36 
288.17 
290.28 
303.24 
297.41 
299.07 
299.79 
304.12 
303.13 
310.95 
301.18 
307.59 
314.38 
325.21 
330.60 
326.57 
323.52 
328.10 
328.80 
335.19 
330.51 
326.64 
328.96 
331.78 
319.21 
324.44 
320.69 
321.67 
328.26 
336.92 
338.19 
342.50 
338.96 
342.29 
351.76 
348.01 
353.52 
355.74 
352.13 
346.88 
346.02 
356.06 
344.17 
344.77 
350.88 
349.10 
354.26 
361.60 
360.63 
358.40 
359.21 
359.51 
356.18 
354.35 
351.85 
358.10 
357.71 
351.34 
362.13 
370.67 
361.30 
362.92 
349.24 
349.21 
337.15 
356.83 
356.25 
359.51 
356.71 
358.73 
360.07 
363.06 
369.75 
370.49 
365.79 
360.83 
360.74 
362.94 
355.81 
348.01 
358.19 
356.00 
354.91 
350.37 
350.49 
353.91 
357.27 
359.95 
367.01 
361.50 
357.94 
353.96 
352.25 
351.94 
358.80 
362.69 
356.67 
356.04 
355.56 
349.14 
353.54 
352.82 
353.61 
360.12 
363.26 
361.85 
351.85 
348.03 
343.75 
346.25 
351.69 
344.93 
343.19 
346.74 
344.21 
343.15 
345.81 
343.38 
344.33 
340.93 
342.78 
345.56 
343.98 
343.06 
339.26 
342.52 
336.27 
343.91 
332.31 
330.16 
326.90 
324.05 
333.29 
331.25 
337.50 
335.28 
322.01 
329.47 
331.92 
322.08 
321.37 
318.89 
316.30 
320.72 
317.01 
312.41 
316.97 
316.11 
312.15 
313.24 
311.83 
306.23 
303.45 
304.68 
307.38 
305.93 
304.54 
301.06 
293.89 
298.87 
298.94 
301.02 
299.03 
294.38 
293.47 
289.56 
293.80 
296.62 
289.79 
277.34 
281.57 
273.70 
267.55 
269.03 
267.08 
268.82 
272.36 
270.83 
267.45 
265.93 
263.80 
260.46 
257.71 
261.06 
258.80 
259.28 
258.61 
252.59 
242.01 
251.11 
251.97 
250.44 
242.57 
236.64 
232.38 
243.08 
244.19 
234.19 
234.51 
225.51 
224.84 
226.23 
225.02 
224.93 
225.30 
225.97 
219.17 
214.19 
213.63 
205.74 
199.68 
212.94 
212.96 
210.72 
206.16 
197.43 
198.10 
205.51 
203.80 
197.15 
195.42 
197.08 
197.50 
191.27 
189.21 
187.66 
182.73 
187.36 
187.11 
188.29 
188.40 
185.46 
181.88 
176.67 
171.02 
167.43 
173.15 
169.86 
169.81 
170.90 
172.78 
171.92 
169.63 
170.02 
167.89 
167.06 
165.25 
161.16 
163.13 
164.98 
164.58 
158.15 
155.60 
159.86 
159.03 
155.93 
157.82 
157.80 
155.23 
154.91 
154.33 
156.02 
153.63 
153.91 
155.12 
151.46 
157.80 
158.10 
155.93 
154.51 
158.17 
156.90 
158.70 
158.47 
150.51 
156.69 
159.31 
156.27 
159.42 
159.75 
155.37 
155.32 
163.08 
163.45 
163.50 
166.37 
168.63 
166.67 
165.21 
166.37 
165.00 
164.28 
168.70 
171.81 
174.63 
172.82 
167.08 
173.38 
178.61 
182.13 
183.91 
182.38 
178.96 
187.69 
182.69 
188.70 
186.13 
180.32 
185.76 
187.13 
185.46 
185.46 
180.56 
188.98 
192.59 
198.10 
200.65 
203.29 
212.06 
214.33 
214.86 
217.59 
220.69 
220.88 
223.68 
224.14 
227.85 
228.94 
232.27 
235.67 
232.96 
235.60 
236.48 
237.04 
242.22 
241.60 
241.53 
250.00 
249.21 
252.78 
248.13 
251.74 
251.20 
255.93 
260.05 
266.83 
263.13 
261.64 
264.47 
261.78 
265.30 
273.50 
270.88 
265.23 
268.38 
279.33 
285.72 
285.28 
279.28 
282.08 
282.45 
289.00 
288.84 
289.00 
289.68 
291.11 
296.06 
289.03 
299.77 
312.82 
306.09 
295.86 
286.06 
292.73 
303.31 
309.49 
306.27 
296.78 
302.06 
307.87 
311.78 
322.96 
332.62 
325.16 
326.92 
325.14 
330.49 
319.61 
318.61 
317.75 
323.66 
335.49 
340.32 
340.30 
331.62 
329.31 
330.60 
335.72 
341.90 
350.25 
335.00 
334.72 
323.03 
340.69 
346.69 
348.56 
333.63 
331.37 
351.97 
360.56 
356.92 
352.08 
359.28 
360.16 
345.28 
350.72 
346.92 
354.21 
355.44 
343.47 
356.50 
354.84 
361.50 
362.94 
357.64 
361.99 
352.82 
345.88 
365.93 
364.79 
347.20 
339.58 
355.09 
361.48 
359.65 
355.56 
363.06 
360.88 
353.15 
355.79 
355.42 
351.78 
366.32 
364.56 
349.98 
354.79 
361.64 
359.24 
355.86 
356.44 
359.26 
358.50 
356.94 
355.53 
354.12 
360.88 
359.44 
359.44 
355.63 
354.47 
346.34 
354.00 
354.19 
357.01 
357.11 
349.72 
349.35 
347.29 
353.40 
353.08 
359.75 
356.20 
352.34 
354.63 
350.58 
354.21 
347.01 
346.34 
348.40 
347.50 
349.31 
347.38 
340.37 
351.30 
347.31 
341.34 
329.03 
332.36 
337.94 
343.70 
339.05 
341.71 
338.08 
334.79 
338.43 
335.97 
337.73 
331.18 
325.95 
324.56 
330.67 
325.63 
322.62 
323.77 
327.50 
324.86 
321.16 
318.17 
322.29 
323.31 
313.73 
317.04 
320.35 
316.97 
309.10 
306.48 
313.06 
303.54 
303.98 
300.12 
293.73 
292.06 
297.92 
298.29 
299.42 
294.33 
298.06 
290.67 
287.52 
288.26 
284.33 
285.25 
282.13 
277.06 
275.30 
272.31 
276.55 
281.71 
274.86 
275.19 
279.56 
278.91 
276.11 
276.34 
270.93 
264.75 
262.85 
257.01 
257.52 
261.64 
256.97 
250.21 
254.63 
254.63 
251.20 
248.29 
247.31 
244.35 
242.85 
246.74 
244.00 
238.87 
237.11 
236.64 
232.13 
234.00 
230.60 
232.85 
230.88 
229.38 
222.78 
224.21 
222.50 
222.96 
217.94 
215.05 
218.84 
213.73 
210.67 
206.83 
205.88 
203.84 
210.21 
204.86 
201.32 
193.52 
196.55 
195.60 
197.94 
196.00 
193.03 
189.95 
190.88 
189.54 
185.09 
186.13 
181.34 
182.87 
183.96 
186.64 
183.54 
181.39 
179.88 
178.80 
173.10 
171.92 
173.10 
170.05 
163.77 
166.64 
164.19 
163.08 
164.61 
165.65 
166.83 
167.34 
167.08 
162.87 
159.24 
155.09 
152.69 
155.83 
157.96 
154.81 
152.01 
155.97 
153.52 
157.66 
158.61 
158.38 
158.75 
154.10 
158.13 
156.50 
159.54 
158.54 
156.64 
160.23 
158.70 
156.46 
154.47 
151.74 
155.74 
159.33 
157.73 
159.28 
158.75 
160.12 
165.53 
161.46 
162.29 
158.63 
161.46 
168.68 
170.30 
169.91 
166.64 
171.09 
167.80 
174.07 
175.95 
176.97 
177.36 
178.96 
178.96 
175.14 
181.92 
183.24 
185.39 
181.60 
187.48 
187.66 
190.12 
190.97 
198.29 
196.83 
195.90 
205.79 
206.67 
205.67 
204.81 
202.04 
199.84 
207.94 
215.51 
216.74 
217.94 
220.83 
221.20 
220.14 
218.89 
224.95 
231.76 
231.00 
226.39 
230.23 
224.14 
230.44 
235.86 
235.51 
242.04 
242.25 
242.48 
246.71 
255.02 
261.39 
252.43 
256.20 
250.93 
256.81 
265.16 
264.75 
271.30 
272.22 
272.15 
268.66 
269.61 
269.75 
276.94 
279.40 
287.75 
282.25 
284.44 
292.41 
286.99 
284.24 
284.77 
282.92 
288.45 
290.56 
299.54 
306.50 
307.15 
302.57 
289.51 
301.69 
302.01 
315.00 
315.58 
313.22 
315.86 
312.62 
318.01 
326.55 
321.13 
325.02 
323.52 
320.90 
327.66 
326.90 
331.11 
326.34 
329.17 
340.21 
335.79 
338.29 
329.24 
335.14 
337.45 
330.65 
334.05 
319.72 
319.75 
333.38 
332.45 
338.52 
338.10 
343.73 
343.01 
352.25 
361.16 
356.23 
352.62 
353.45 
358.45 
356.60 
351.85 
349.81 
351.97 
355.58 
358.96 
357.34 
360.02 
354.70 
354.86 
354.40 
351.37 
353.66 
349.03 
332.62 
333.36 
340.90 
360.93 
364.95 
363.68 
365.05 
369.61 
364.98 
350.97 
359.84 
360.21 
357.20 
362.59 
362.36 
365.79 
356.90 
362.69 
369.88 
361.76 
365.28 
360.09 
360.12 
346.67 
348.31 
359.65 
359.72 
360.93 
352.87 
357.55 
353.38 
348.63 
360.37 
362.89 
361.53 
360.56 
359.35 
356.53 
357.59 
357.04 
356.74 
357.27 
360.39 
359.21 
355.56 
353.08 
357.99 
359.81 
360.02 
354.33 
350.35 
355.23 
356.27 
352.55 
353.36 
353.54 
345.58 
345.21 
345.37 
355.97 
353.29 
349.05 
336.46 
334.49 
337.80 
341.32 
340.07 
336.83 
336.50 
335.28 
330.35 
332.94 
338.98 
337.22 
332.34 
341.60 
339.24 
336.23 
326.76 
333.50 
331.81 
328.40 
326.39 
319.58 
310.00 
307.55 
303.94 
308.87 
308.15 
305.69 
315.81 
312.11 
305.93 
303.75 
302.78 
302.52 
298.36 
305.56 
300.35 
296.27 
298.26 
295.58 
293.43 
293.73 
289.86 
288.03 
286.99 
285.37 
290.81 
282.94 
283.87 
286.16 
283.50 
278.87 
275.74 
272.55 
272.69 
273.63 
280.39 
278.38 
273.82 
272.27 
267.25 
269.26 
267.94 
266.60 
264.05 
260.58 
256.37 
244.58 
233.40 
235.46 
237.34 
240.49 
240.53 
238.33 
234.79 
241.06 
238.70 
235.72 
234.93 
228.63 
227.41 
231.78 
224.98 
227.57 
222.06 
220.44 
217.45 
218.36 
209.49 
210.60 
204.70 
210.30 
207.75 
208.73 
207.18 
201.34 
198.15 
205.49 
201.20 
195.14 
194.49 
188.40 
191.99 
186.55 
185.16 
185.37 
186.69 
181.04 
183.52 
179.95 
183.40 
182.31 
178.22 
181.76 
177.13 
176.48 
175.39 
175.63 
175.23 
167.89 
169.33 
166.23 
166.04 
163.45 
163.08 
162.57 
162.41 
165.42 
163.43 
163.31 
161.09 
160.86 
164.79 
160.60 
161.85 
160.56 
159.65 
155.83 
158.98 
157.48 
157.41 
156.85 
159.33 
158.89 
160.37 
157.11 
155.21 
158.43 
161.16 
161.39 
157.62 
158.87 
159.21 
156.00 
156.64 
160.74 
160.49 
155.05 
158.82 
159.28 
159.26 
155.76 
159.14 
160.83 
164.21 
159.63 
161.44 
166.00 
170.76 
169.98 
168.96 
168.01 
162.04 
172.55 
167.87 
174.77 
176.78 
175.05 
178.66 
182.43 
181.02 
179.12 
174.88 
181.64 
182.80 
185.72 
185.30 
188.50 
191.18 
194.95 
199.75 
200.95 
200.56 
201.25 
203.61 
199.07 
202.92 
199.31 
205.49 
215.23 
216.76 
217.31 
221.30 
223.70 
214.28 
209.12 
215.74 
220.86 
227.34 
231.37 
231.44 
231.18 
234.47 
239.10 
237.06 
234.65 
235.14 
238.43 
241.99 
247.15 
249.86 
249.44 
256.67 
260.37 
260.46 
261.23 
266.85 
262.99 
268.15 
262.73 
272.11 
271.62 
268.24 
274.61 
275.37 
277.66 
276.76 
284.51 
285.28 
286.50 
285.83 
288.91 
291.46 
293.87 
296.02 
283.82 
290.86 
303.29 
299.05 
285.44 
289.10 
303.63 
294.61 
304.58 
305.56 
308.29 
316.18 
312.59 
309.21 
326.94 
314.68 
311.94 
317.59 
318.01 
322.59 
310.86 
323.19 
325.42 
327.11 
328.06 
332.50 
327.99 
337.41 
343.29 
346.20 
349.17 
349.63 
343.45 
347.11 
346.69 
345.93 
338.50 
343.26 
352.06 
347.04 
343.13 
354.79 
363.01 
354.31 
350.79 
348.38 
358.36 
355.65 
354.86 
359.26 
356.41 
354.63 
353.22 
356.92 
364.91 
354.17 
347.18 
359.10 
360.58 
352.66 
362.55 
363.17 
361.41 
362.45 
352.82 
352.80 
360.63 
362.66 
365.42 
362.82 
358.24 
356.69 
360.74 
352.31 
357.64 
361.30 
358.13 
351.04 
357.73 
351.53 
357.43 
366.00 
363.54 
362.94 
364.12 
358.38 
367.92 
372.48 
364.58 
361.53 
365.97 
365.90 
367.57 
368.29 
359.03 
355.14 
356.04 
350.58 
358.40 
357.43 
356.27 
358.89 
351.85 
346.18 
348.08 
354.88 
350.02 
349.95 
352.29 
350.95 
346.06 
345.95 
348.68 
353.75 
351.97 
350.46 
346.53 
348.29 
347.89 
352.82 
351.83 
350.21 
343.96 
344.95 
338.33 
334.51 
337.01 
338.63 
334.21 
335.37 
335.56 
332.89 
327.45 
330.16 
331.41 
323.70 
321.25 
322.34 
323.84 
320.23 
324.75 
323.56 
329.95 
331.30 
320.63 
319.93 
310.09 
311.78 
316.74 
321.60 
322.85 
320.63 
307.78 
302.01 
299.54 
307.75 
306.13 
305.81 
303.50 
299.14 
294.93 
291.83 
286.62 
286.37 
287.08 
286.99 
285.93 
279.38 
276.02 
274.35 
275.79 
279.19 
277.87 
276.11 
273.80 
272.50 
266.81 
272.69 
267.71 
266.34 
259.68 
265.00 
262.59 
253.19 
247.11 
250.21 
245.23 
250.95 
250.51 
250.37 
244.84 
244.72 
243.36 
241.11 
237.52 
239.12 
238.98 
230.19 
230.00 
224.72 
230.93 
224.84 
228.22 
224.47 
221.97 
220.95 
218.15 
219.79 
221.39 
218.96 
213.75 
208.08 
204.00 
207.78 
206.64 
201.60 
198.59 
197.04 
194.49 
191.92 
190.69 
187.11 
189.75 
196.34 
192.27 
189.86 
192.80 
191.09 
186.37 
180.81 
181.32 
182.25 
181.74 
177.34 
175.05 
180.56 
176.94 
175.14 
173.89 
173.36 
173.47 
170.76 
167.31 
166.64 
160.97 
165.76 
159.93 
157.27 
160.46 
159.28 
155.60 
157.45 
157.18 
154.65 
154.65 
154.35 
156.37 
153.26 
155.12 
155.67 
155.97 
157.71 
154.72 
151.69 
155.90 
152.27 
152.87 
149.38 
154.54 
150.12 
156.83 
156.48 
158.43 
160.21 
159.24 
156.39 
159.95 
156.62 
157.59 
